score school subject
72.9 1 1
72.6 1 1
72.2 1 1
74.9 1 1
74.9 1 1
66.3 1 1
71.5 1 1
71 1 1
77 1 1
70.2 1 1
77.2 1 2
83.9 1 2
75.7 1 2
82 1 2
85.3 1 2
77.6 1 2
81 1 2
83.7 1 2
77.7 1 2
75.6 1 3
82.3 1 3
78.6 1 3
79.3 1 3
78.3 1 3
77.1 1 3
84.8 1 3
79.9 1 3
75.1 1 3
76.2 1 3
65.3 1 4
67.7 1 4
74.9 1 4
66.4 1 4
73 1 4
68.1 1 4
67.8 1 4
88.5 1 5
85.1 1 5
86.5 1 5
85.4 1 5
84 1 5
87.4 1 5
72.3 1 6
80.5 1 6
77.5 1 6
75.3 1 6
75.1 1 6
67.9 1 7
64.3 1 7
80.8 1 8
79.7 1 8
79.9 1 8
78.6 1 8
75.4 1 8
77 1 9
83 1 9
83.9 1 9
81 1 9
82.6 1 9
83.8 1 9
60.7 1 10
68.9 1 10
64.1 1 10
77.5 1 11
77.3 1 11
75.7 1 11
78.8 1 11
79.2 1 12
83.6 1 12
79.4 1 12
83.3 1 12
86.6 1 12
81.9 1 12
71.4 1 13
70.6 1 13
72.3 1 13
66.9 1 13
75.2 1 13
73.6 1 13
71.5 1 13
66.4 1 13
75.2 1 14
81.4 1 14
75.2 1 14
82.3 1 14
79.1 1 14
77.7 1 14
79.4 1 14
68.6 1 15
69.6 1 15
71.2 1 15
71.2 1 15
73.7 2 1
72.4 2 1
66.8 2 1
75.3 2 1
72.6 2 1
67 2 1
68.4 2 1
71.8 2 1
80.3 2 2
82.5 2 2
84.7 2 2
78.2 2 2
78.6 2 2
84.8 2 2
83.5 2 2
81.8 2 2
80 2 2
85.7 2 2
79.2 2 3
79.5 2 3
76.9 2 3
79.3 2 3
81.4 2 3
78.2 2 3
66.7 2 4
67.2 2 4
71.8 2 4
71.5 2 4
66.4 2 4
75.9 2 4
69 2 4
74.9 2 4
70.6 2 4
72.6 2 4
83.2 2 5
85.9 2 5
88.2 2 5
81.8 2 5
79.5 2 6
74.1 2 6
77.5 2 6
79.5 2 6
65 2 7
67.1 2 7
69.5 2 7
60.3 2 7
70.7 2 7
68.5 2 7
69.1 2 7
80.7 2 8
82.5 2 8
82 2 8
72 2 8
76.6 2 8
80.7 2 8
82.2 2 9
81.6 2 9
79 2 9
84.4 2 9
79.4 2 9
70.7 2 10
66.8 2 10
69.6 2 10
68.4 2 10
68.5 2 10
64.8 2 10
64.5 2 10
63.2 2 10
66.3 2 10
77.3 2 11
78.7 2 11
81.1 2 11
80 2 11
80.1 2 11
83.8 2 11
82 2 12
84.1 2 12
83.1 2 12
76.8 2 12
86.2 2 12
91.8 2 12
83.2 2 12
87.3 2 12
82.5 2 12
80.6 2 12
84.3 2 12
74.7 2 13
71 2 13
75.5 2 13
69.8 2 13
71.8 2 13
72.9 2 13
75.7 2 13
75.5 2 13
72.4 2 13
79.5 2 13
65.2 2 13
63.5 2 13
88.5 2 14
79.5 2 14
85 2 14
70.9 2 15
70 2 15
74 2 15
68.8 2 15
75.2 2 15
66.5 2 15
66.1 2 15
71.7 2 15
74.4 3 1
79.4 3 1
79 3 1
76.7 3 1
73 3 1
78.6 3 1
84.4 3 2
86.9 3 2
82.6 3 3
88.3 3 3
80.9 3 3
84.6 3 3
84.5 3 3
80.2 3 3
85.6 3 3
79.8 3 3
88 3 3
84.9 3 3
70.8 3 4
71.4 3 4
72.1 3 4
72.3 3 4
81.4 3 5
87.2 3 5
88 3 5
85.3 3 5
91.6 3 5
89.3 3 5
90.6 3 5
85 3 5
80.6 3 6
80.2 3 6
82.6 3 6
83.1 3 6
81 3 6
82.7 3 6
70.4 3 7
70.8 3 7
66.8 3 7
65.9 3 7
65.3 3 7
81.5 3 8
82 3 8
83.6 3 8
83.4 3 8
80.3 3 8
82.7 3 8
87.8 3 9
85.5 3 9
85.4 3 9
76.7 3 9
82.7 3 9
92.7 3 9
86.9 3 9
75.2 3 10
65.1 3 10
72.9 3 10
70 3 10
67.7 3 10
69.2 3 10
65.7 3 10
70.8 3 10
86.5 3 11
80.9 3 11
89.5 3 11
81.2 3 11
88.3 3 12
87.7 3 12
85 3 12
86.1 3 12
85.3 3 12
69.8 3 13
82.8 3 13
77.5 3 13
77.1 3 13
76.8 3 13
73.4 3 13
77.8 3 14
86 3 14
85.2 3 14
83.4 3 14
86.8 3 14
73.1 3 15
73.2 3 15
65.7 3 15
70.3 3 15
71.6 3 15
74.9 3 15
69.6 3 15
74.2 3 15
73.8 3 15
80 4 1
75.5 4 1
76 4 1
76 4 1
74.8 4 1
78.5 4 1
76.6 4 1
74.6 4 1
88.3 4 2
87.5 4 2
82 4 2
89.2 4 2
83.2 4 3
86 4 3
80.4 4 3
87 4 3
81.8 4 3
77.2 4 4
75.4 4 4
69.8 4 4
78.4 4 4
72.5 4 4
72.8 4 4
75.3 4 4
68.1 4 4
78.9 4 4
71.2 4 4
74.5 4 4
77.2 4 4
70.8 4 4
89.3 4 5
91.8 4 5
85.5 4 5
89 4 5
91.9 4 5
88.7 4 5
91.3 4 5
88.9 4 5
83.6 4 6
76.5 4 6
83.1 4 6
81.6 4 6
81.4 4 6
84.3 4 6
69.4 4 7
74.1 4 7
77 4 7
66.6 4 7
69.4 4 7
68.7 4 7
69.5 4 7
71.2 4 7
86.2 4 9
83.2 4 9
87.7 4 9
85.3 4 9
90.4 4 9
70.1 4 10
66.5 4 10
69.2 4 10
74.1 4 10
70.6 4 10
66.5 4 10
71.1 4 10
74.7 4 10
88.2 4 11
78.7 4 11
80.9 4 11
83.8 4 11
85 4 11
87.6 4 11
83.2 4 11
80 4 11
80.3 4 11
78.8 4 11
83.1 4 12
90.3 4 12
83.2 4 12
76.2 4 13
77.2 4 13
77.6 4 13
79.7 4 13
78.4 4 13
86.5 4 14
79.3 4 14
80.5 4 14
77.7 4 14
80.5 4 14
78.8 4 14
81.5 4 14
81.1 4 14
78.9 4 15
77.2 4 15
76 4 15
72.5 4 15
78.1 4 15
69.2 4 15
78.2 4 15
72.4 4 15
77.8 4 15
70.1 4 15
74.4 5 1
65.3 5 1
73.3 5 1
70.5 5 1
75.3 5 2
79.3 5 2
85.8 5 2
81.9 5 2
75.6 5 3
71 5 4
70.1 5 4
70.2 5 4
84.9 5 5
85.5 5 5
87.1 5 5
84 5 5
85.7 5 5
83.2 5 5
83.7 5 5
75.1 5 6
68.1 5 6
67.3 5 6
74.5 5 6
71 5 6
81.3 5 6
73 5 6
73.8 5 6
64.4 5 7
67.7 5 7
63.2 5 7
62.1 5 7
60 5 7
65.2 5 7
69 5 7
63.9 5 7
67.8 5 8
75.5 5 8
76.6 5 8
79.7 5 8
81.1 5 9
81.8 5 9
83.6 5 9
79.1 5 9
74.2 5 9
79.5 5 9
77.8 5 9
61.8 5 10
66.8 5 10
67.2 5 10
71.9 5 10
65.8 5 10
65.4 5 10
79 5 11
81.4 5 12
80.6 5 12
81 5 12
84.3 5 12
74.8 5 12
80 5 12
79.9 5 12
68.3 5 13
70.6 5 13
69.9 5 13
69.6 5 13
75 5 13
72.4 5 13
72.3 5 13
71.9 5 13
70.7 5 13
81.5 5 14
74 5 14
78.8 5 14
79.2 5 14
78.3 5 14
68.7 5 15
66.9 5 15
70.6 5 15
65.4 5 15
65 5 15
69 5 15
66.7 5 15
69.2 5 15
64.2 5 15
68.1 5 15
59.9 6 1
60.9 6 1
56.2 6 1
63.7 6 1
64.3 6 1
56.4 6 1
64.8 6 1
60.7 6 1
66.1 6 2
66.8 6 2
72.9 6 2
73.9 6 2
71.5 6 2
70.3 6 2
66 6 2
71 6 2
74.4 6 2
70.9 6 2
65.7 6 3
62.6 6 3
70.4 6 3
64.2 6 3
71.7 6 3
63.6 6 3
61.7 6 4
61.8 6 4
54.9 6 4
59.5 6 4
57.9 6 4
76.2 6 5
74.1 6 5
72.9 6 5
77.4 6 5
74.7 6 5
78.6 6 5
74.2 6 5
71.4 6 5
70.1 6 6
66.3 6 6
66 6 6
53.2 6 7
56.2 6 7
54.9 6 7
58.3 6 7
53.7 6 7
50.9 6 7
47.1 6 7
52.3 6 7
64.9 6 8
63.6 6 8
69.1 6 8
71 6 8
65.5 6 8
59.5 6 8
70.3 6 8
62.9 6 8
66.8 6 8
64.7 6 8
68.1 6 8
65.2 6 9
70.6 6 9
75.5 6 9
66.5 6 9
68.7 6 9
52.6 6 10
55.8 6 10
53.4 6 10
57 6 10
51 6 10
58.8 6 10
51.8 6 10
72.3 6 11
66.8 6 11
68.5 6 11
71.4 6 11
64.6 6 11
71 6 11
63.7 6 12
72.8 6 12
72.2 6 12
71.6 6 12
67.8 6 12
71.4 6 12
59.9 6 13
62.9 6 13
59.6 6 13
64.6 6 13
62 6 13
62.6 6 13
62.9 6 14
72.1 6 14
64.2 6 14
66.7 6 14
65.8 6 14
71.2 6 14
63.4 6 14
69.8 6 14
68.5 6 14
72.9 6 14
65.6 6 14
56 6 15
57.3 6 15
56.2 6 15
56.8 6 15
59.9 6 15
60.7 6 15
59.5 7 1
62 7 1
67.9 7 1
64.9 7 1
60.7 7 1
63.5 7 1
63.4 7 1
58.9 7 1
60.9 7 1
56.7 7 1
71.6 7 2
69.5 7 2
71.9 7 2
68.8 7 2
70.3 7 2
77.5 7 2
75.6 7 2
72.8 7 2
69.5 7 2
73 7 2
69.9 7 3
68.6 7 3
63.8 7 3
66.6 7 3
62.4 7 3
67.6 7 3
66.1 7 3
60 7 4
59.3 7 4
58.3 7 4
57.4 7 4
62 7 4
62.7 7 4
60.8 7 4
52.3 7 4
73.9 7 5
69.2 7 5
70.1 7 5
72.7 7 5
71.7 7 5
77.9 7 5
67.1 7 6
64.2 7 6
67.4 7 6
65.1 7 6
60.2 7 6
63.2 7 6
64.7 7 6
57.1 7 7
59.8 7 7
61.2 7 8
65.6 7 8
63.1 7 8
68 7 8
63 7 8
75.3 7 8
70.4 7 8
68.6 7 9
69.8 7 9
66.7 7 9
70.2 7 9
73.2 7 9
62 7 10
59.6 7 10
56.3 7 10
51.5 7 10
56.8 7 10
53.8 7 10
57.2 7 10
70.2 7 11
69.1 7 11
68.9 7 11
64.2 7 11
64.3 7 11
67 7 11
68.8 7 12
74.4 7 12
67.3 7 12
69.7 7 12
70 7 12
72.1 7 12
57.2 7 13
62.1 7 13
63.2 7 13
59.5 7 13
64.3 7 13
62.4 7 13
58.4 7 13
56.3 7 13
54.9 7 13
61.1 7 13
61.3 7 13
63 7 13
57.5 7 13
70 7 14
62.7 7 14
65.5 7 14
68 7 14
67.2 7 14
68.6 7 14
66.5 7 14
59.5 7 15
55.2 7 15
58.6 7 15
59.5 7 15
58.5 7 15
56.9 7 15
64.5 8 1
62.4 8 1
64.4 8 1
64.1 8 1
66 8 1
63.3 8 1
71.6 8 2
75.6 8 2
78.2 8 2
70.2 8 2
75.2 8 2
73.1 8 2
75.8 8 2
69.6 8 3
73 8 3
68.3 8 3
69.4 8 3
61.8 8 4
59.1 8 4
58.2 8 4
67.3 8 4
62 8 4
65.6 8 4
73.9 8 5
71.5 8 5
76.5 8 5
78 8 5
75 8 5
78 8 5
72.3 8 5
80.7 8 5
82.7 8 5
76.6 8 5
67.7 8 6
71.8 8 6
65.9 8 6
66.9 8 6
62.8 8 6
68.2 8 6
59.4 8 7
56.5 8 7
54.3 8 7
59.8 8 7
58 8 7
53.1 8 7
57.6 8 7
65.3 8 7
60.8 8 7
72.1 8 8
72.5 8 8
69.3 8 8
59.7 8 8
66.9 8 8
71.4 8 8
70.5 8 8
72.1 8 9
76.4 8 9
61.6 8 10
59.5 8 10
55.7 8 10
59.1 8 10
61.3 8 10
59.1 8 10
59.3 8 10
57.8 8 10
65.9 8 10
59.5 8 10
73.3 8 11
68.4 8 11
70.3 8 11
72.3 8 11
76.8 8 11
72.5 8 12
72.3 8 12
72.8 8 12
68.7 8 12
72.7 8 12
61 8 13
65.8 8 13
61.7 8 13
64.3 8 13
62.1 8 13
64 8 15
64.5 8 15
73.2 9 1
70.9 9 1
70.2 9 1
69.8 9 1
69.2 9 1
74.5 9 1
69.1 9 1
78.8 9 1
82.7 9 2
80.4 9 2
82.9 9 2
84.5 9 2
82.5 9 2
82.6 9 2
84.1 9 2
81.9 9 3
78 9 3
78.2 9 3
76.6 9 3
75.2 9 4
69.5 9 4
71.8 9 4
71.7 9 4
67.3 9 4
72.3 9 4
68.7 9 4
71.3 9 4
75.2 9 4
64.9 9 4
71.3 9 4
88.1 9 5
82.3 9 5
87.4 9 5
84.6 9 5
88.1 9 5
77.4 9 6
79.2 9 6
78.2 9 6
73.7 9 6
69.6 9 7
61.9 9 7
63.8 9 7
70.6 9 7
67.6 9 7
69.5 9 7
71 9 7
65.6 9 7
63.1 9 7
65.9 9 7
76.3 9 8
77.8 9 8
77.3 9 8
76.5 9 8
75.7 9 8
79.8 9 8
72.9 9 8
82.1 9 8
81.7 9 9
85 9 9
81.4 9 9
65.7 9 10
63.8 9 10
60.3 9 10
69.6 9 10
69.3 9 10
68.5 9 10
64.9 9 10
70.7 9 10
68.9 9 10
80.8 9 11
78.2 9 11
82.5 9 11
80.2 9 11
81.9 9 12
87.5 9 12
80 9 12
87.7 9 12
83.4 9 12
72.3 9 13
69.2 9 13
71.9 9 13
70.6 9 13
67.3 9 13
70.5 9 13
74.3 9 13
71.8 9 13
69.8 9 13
80.7 9 14
80.6 9 14
82.1 9 14
77.6 9 14
77.3 9 14
64.9 9 15
71.5 9 15
70.4 9 15
72 9 15
69.4 9 15
78.3 10 1
69.7 10 1
65.4 10 1
74.7 10 1
83.5 10 2
80.4 10 2
78.3 10 2
87.3 10 2
80.8 10 2
78.6 10 3
77.8 10 3
80.1 10 3
78.4 10 3
79.8 10 3
78.6 10 3
74.9 10 3
71.3 10 4
72.6 10 4
76.6 10 4
71 10 4
73.6 10 4
74.7 10 4
74.2 10 4
83.9 10 5
85.6 10 5
84.5 10 5
87.4 10 5
85.5 10 5
88.9 10 5
81.9 10 5
84.6 10 5
91.2 10 5
82.4 10 5
73.7 10 6
73.7 10 6
78.8 10 6
77.5 10 6
81.2 10 6
69.1 10 7
72.4 10 7
70.2 10 7
67.2 10 7
62.3 10 7
63.5 10 7
63.6 10 7
62.6 10 7
70.8 10 8
78.9 10 8
77.1 10 8
78.6 10 8
74 10 8
82.4 10 8
76.7 10 8
82.2 10 8
86 10 8
77.3 10 9
83.8 10 9
81.3 10 9
85.1 10 9
70.5 10 10
63.8 10 10
70.2 10 10
60.8 10 10
64.1 10 10
69 10 10
62.9 10 10
69.4 10 10
67.8 10 10
64.8 10 10
78.9 10 11
78.9 10 11
75.3 10 11
82.1 10 11
79.7 10 11
82.5 10 11
81 10 12
81.8 10 12
82.5 10 12
80.2 10 12
78.2 10 12
65.5 10 13
71.6 10 13
73.3 10 13
71 10 13
71.3 10 13
73.5 10 13
73.3 10 13
67.6 10 13
73.2 10 14
84.8 10 14
82.7 10 14
80.8 10 14
82.9 10 14
69.4 10 15
70.4 10 15
69.2 10 15
73.2 10 15
68.7 10 15
71.5 10 15
70.1 10 15
71.2 10 15
74.2 10 15
76.5 10 15
66.3 11 1
73.3 11 1
74.9 11 1
72.8 11 1
76.3 11 1
74.8 11 1
78.1 11 1
73.2 11 1
77 11 2
81.4 11 2
84.6 11 2
83.7 11 2
79.4 11 3
79 11 3
81.3 11 3
78.1 11 3
74.3 11 3
69.7 11 4
67.5 11 4
69.2 11 4
74.4 11 4
69.1 11 4
71 11 4
69.7 11 4
86.9 11 5
88.3 11 5
84.5 11 5
85.1 11 5
92.5 11 5
81.9 11 6
76.4 11 6
80.4 11 6
74.4 11 6
78.4 11 6
77.7 11 6
76.7 11 6
80.7 11 6
77.4 11 6
74.5 11 6
77 11 6
81 11 6
67.4 11 7
69.1 11 7
67.8 11 7
65 11 7
65.7 11 7
67.3 11 7
65.2 11 7
70.9 11 7
74.6 11 8
78.1 11 8
83.4 11 8
86 11 9
82.8 11 9
86.3 11 9
75.7 11 9
79.8 11 9
83.7 11 9
69 11 10
72.7 11 10
68.1 11 10
64.1 11 10
68 11 10
71.1 11 10
64 11 10
70.2 11 10
67.8 11 10
65.6 11 10
66.8 11 10
69.4 11 10
80.4 11 11
82 11 11
77.6 11 11
77.9 11 11
79.6 11 11
75.4 11 11
80.8 11 11
81 11 11
80.2 11 11
76.6 11 11
81.6 11 11
78.1 11 11
82.6 11 11
81.2 11 11
84.7 11 12
77.7 11 12
83 11 12
80.6 11 12
80.9 11 12
70.1 11 13
77.5 11 13
79.6 11 14
83.1 11 14
78.5 11 14
79.5 11 14
78.3 11 14
81.2 11 14
81.2 11 14
68.6 11 15
75 11 15
74.3 11 15
72.8 11 15
69.3 11 15
69 11 15
72.5 11 15
64.9 12 1
68.9 12 1
50.3 12 1
61.3 12 1
62.3 12 1
63.2 12 1
77.8 12 2
69.5 12 2
74.7 12 2
74.8 12 2
78.8 12 2
67.7 12 2
65.8 12 2
69.5 12 2
69.6 12 2
68.5 12 3
72.3 12 3
75.8 12 3
65.9 12 3
70.2 12 3
69.6 12 4
58.1 12 4
59.4 12 4
63.8 12 4
65.1 12 4
61.8 12 4
60.1 12 4
62.3 12 4
77.4 12 5
76.1 12 5
79.6 12 5
64.4 12 6
65.2 12 6
74.2 12 6
71.1 12 6
69.4 12 6
58.1 12 7
60.5 12 7
63.1 12 7
57.8 12 7
59.5 12 7
60.7 12 7
54.7 12 7
61.6 12 7
66.7 12 8
73.4 12 8
64.2 12 8
77.2 12 8
73.3 12 8
74.3 12 8
74.2 12 8
70 12 8
74.5 12 8
72.9 12 8
71.7 12 8
70.7 12 8
76.3 12 9
74.1 12 9
75.8 12 9
78.7 12 9
59.2 12 10
62 12 10
60.7 12 10
58 12 10
65.1 12 10
57.2 12 10
63.6 12 10
58.5 12 10
54.6 12 10
58.6 12 10
58.4 12 10
56.9 12 10
59.2 12 10
68.3 12 11
73.2 12 11
67.6 12 11
72.1 12 11
65.5 12 11
66.8 12 11
66.3 12 11
70.3 12 11
71.9 12 11
75 12 11
78.8 12 11
75.7 12 12
74.5 12 12
77.2 12 12
74.7 12 12
67.2 12 12
74.3 12 12
77.5 12 12
74 12 12
57 12 13
65.7 12 13
64.8 12 13
63.2 12 13
73.8 12 14
73.7 12 14
72.3 12 14
70 12 14
73.7 12 14
71.5 12 14
67.2 12 14
60.8 12 15
70.6 12 15
63.2 12 15
63 12 15
69.2 12 15
65.3 12 15
61.8 12 15
59 12 15
66.8 13 1
71.2 13 1
70.6 13 1
68.9 13 1
78.9 13 1
70.5 13 1
62 13 1
67.6 13 1
71.8 13 1
68.5 13 1
76.4 13 2
80.4 13 2
81.9 13 2
82.7 13 2
76.2 13 2
83.6 13 2
79.4 13 3
77.9 13 3
75.9 13 3
77.7 13 3
76.7 13 3
78.7 13 3
76.5 13 3
80.5 13 3
72.3 13 3
71.8 13 3
76.5 13 3
73.7 13 3
75.5 13 3
67.8 13 4
62 13 4
64 13 4
68.2 13 4
69.5 13 4
67 13 4
62.6 13 4
87.6 13 5
80.9 13 5
84.1 13 5
84.2 13 5
83.7 13 5
77.3 13 5
78.8 13 5
84.5 13 5
80 13 5
78.1 13 6
79.3 13 6
70.9 13 6
77 13 6
75.9 13 6
81.1 13 6
62.9 13 7
64 13 7
63.6 13 7
63.9 13 7
65.2 13 7
67.6 13 7
61.9 13 7
76.3 13 8
79.7 13 8
72.5 13 8
72.3 13 8
78.5 13 8
79.9 13 8
69.3 13 8
72.2 13 8
74.7 13 8
79 13 9
79.9 13 9
86.9 13 9
82.3 13 9
82 13 9
73.6 13 9
74.2 13 9
81.6 13 9
73.4 13 9
78.3 13 9
81 13 9
65.5 13 10
68.1 13 10
61.1 13 10
65 13 10
59.8 13 10
61.9 13 10
62.4 13 10
64.4 13 10
67 13 10
62.9 13 10
79.1 13 11
79.6 13 11
79.4 13 11
78.7 13 11
76.1 13 11
73.8 13 11
73.3 13 11
77.1 13 12
66.8 13 13
71 13 13
65.6 13 13
70.9 13 13
65.9 13 13
74.8 13 13
66.5 13 13
71.5 13 13
69 13 13
72.8 13 13
68.1 13 14
71.3 13 14
76.4 13 14
77.7 13 14
78.2 13 14
75.6 13 14
73.2 13 14
80.2 13 14
73.1 13 15
70.7 13 15
63.8 13 15
67.3 14 1
64.5 14 1
65.4 14 1
65.5 14 1
70.6 14 2
71.5 14 2
75.1 14 2
75 14 3
72.5 14 3
71.8 14 3
73.2 14 3
73.5 14 3
75.4 14 3
69.3 14 3
67.5 14 3
64.2 14 4
66.4 14 4
63.5 14 4
58.9 14 4
60.9 14 4
63.3 14 4
60.7 14 4
72.3 14 4
60.3 14 4
66.1 14 4
82.9 14 5
65.4 14 6
68.3 14 6
72.8 14 6
73.1 14 6
71.5 14 6
71.2 14 6
72.1 14 6
68.9 14 6
76 14 6
72.1 14 6
70.5 14 6
56.8 14 7
60.8 14 7
61.3 14 7
74.1 14 8
72.9 14 8
62.1 14 8
69.7 14 8
71 14 8
74.6 14 9
74.3 14 9
65.1 14 10
61.5 14 10
65.9 14 10
57.7 14 10
59.4 14 10
59.7 14 10
59.6 14 10
57.7 14 10
62.9 14 10
61.1 14 10
72.3 14 11
73.2 14 11
70.6 14 11
74.1 14 11
71.9 14 11
70.4 14 11
70.1 14 11
70 14 11
77.2 14 12
86 14 12
73 14 12
74 14 12
81.5 14 12
76.6 14 12
76.3 14 12
78.7 14 12
69.6 14 13
62.6 14 13
70.5 14 13
62.1 14 13
75 14 14
76.5 14 14
72.7 14 14
75.5 14 14
74.9 14 14
74.1 14 14
69.9 14 14
63.8 14 15
64.3 14 15
63.1 14 15
62 14 15
66.2 14 15
61.8 14 15
56 14 15
60.4 14 15
62.4 15 1
69.4 15 1
60.1 15 1
63.7 15 1
64.8 15 1
64.7 15 1
63 15 1
68.3 15 1
68.4 15 1
63.6 15 1
66.9 15 1
69 15 1
75.2 15 2
76.5 15 2
78 15 2
72.2 15 2
78.3 15 2
72.1 15 2
78.6 15 2
76 15 2
71.8 15 3
71.4 15 3
70.9 15 4
65.5 15 4
67.7 15 4
56.6 15 4
63.3 15 4
77.2 15 5
83.2 15 5
72.8 15 5
78.9 15 5
74.6 15 5
74.3 15 5
75.5 15 5
69.1 15 6
71.9 15 6
70.1 15 6
69.6 15 6
70.2 15 6
65.9 15 6
73 15 6
71.6 15 6
69.8 15 6
61.8 15 7
58.9 15 7
64 15 7
60.4 15 7
60.3 15 7
58 15 7
61 15 7
62.1 15 7
64.3 15 8
69 15 8
63.4 15 8
71.8 15 8
67.9 15 9
72.2 15 9
82 15 9
80.1 15 9
72.9 15 9
72 15 9
71.4 15 9
58.6 15 10
59.5 15 10
65.2 15 10
59.2 15 10
60.3 15 10
57 15 10
62.2 15 10
56.1 15 10
74.9 15 11
79 15 11
78.4 15 11
74.2 15 11
74.3 15 11
78.5 15 11
78.3 15 11
73.5 15 11
74.1 15 11
79.1 15 11
72.4 15 11
72.8 15 11
72.8 15 11
72.8 15 11
75.8 15 12
75.5 15 12
76 15 12
70.7 15 12
74.2 15 12
73.2 15 12
76.7 15 12
66.6 15 13
66.7 15 13
58.9 15 13
60.1 15 13
58.9 15 13
61.9 15 13
61.2 15 13
66.5 15 13
66.8 15 13
70.5 15 14
72.9 15 14
77.4 15 14
74.9 15 14
75.5 15 14
65.8 15 14
72.7 15 14
71.6 15 14
71.9 15 14
71.3 15 14
76.2 15 14
64.8 15 15
65.2 15 15
66.7 15 15
61.9 15 15
60.7 16 1
68.1 16 1
58.4 16 1
66.6 16 1
63.1 16 1
71.9 16 2
73 16 2
75.1 16 2
74.8 16 2
74.8 16 2
70.8 16 2
71.8 16 2
73.2 16 2
74.2 16 3
70.3 16 3
70.4 16 3
71.3 16 3
57.1 16 4
61.2 16 4
60.4 16 4
56.5 16 4
59.4 16 4
60.9 16 4
80.7 16 5
81.8 16 5
85.9 16 5
76.8 16 5
76.8 16 5
75.4 16 5
79.5 16 5
84.7 16 5
67.3 16 6
72.1 16 6
71.5 16 6
74.3 16 6
72.2 16 6
75.3 16 6
65.9 16 6
67.3 16 6
57.5 16 7
63 16 7
53.2 16 7
60.3 16 7
60.4 16 7
62.1 16 7
54.2 16 7
64.3 16 8
73.4 16 9
71 16 9
72.8 16 9
60 16 10
58.2 16 10
62.3 16 10
59.6 16 10
60.6 16 10
59.6 16 10
54.6 16 10
75.1 16 11
72.7 16 11
74.9 16 11
73.3 16 11
72.5 16 11
73 16 11
74.5 16 11
76 16 11
73.8 16 12
70.9 16 12
68.9 16 12
78.8 16 12
75.4 16 12
72.4 16 12
73 16 12
69 16 13
66.1 16 13
59.6 16 13
65.6 16 13
65 16 13
63.6 16 13
72.1 16 13
72 16 14
64.7 16 14
74 16 14
59.7 16 15
60.6 16 15
59 16 15
64.3 16 15
61.4 16 15
61.3 16 15
61.4 16 15
62.4 17 1
62.1 17 1
62.8 17 1
59.7 17 1
65.4 17 1
60.5 17 1
61.5 17 1
61.8 17 1
65.8 17 1
65.6 17 1
62.1 17 1
63.2 17 1
66.3 17 2
68.7 17 2
71.9 17 2
69.9 17 2
63.3 17 3
69.5 17 3
69.3 17 3
64.5 17 3
64.2 17 3
66.4 17 3
67.3 17 3
71.3 17 3
65.1 17 3
56.4 17 4
61.9 17 4
56.8 17 4
58.4 17 4
58.3 17 4
62.3 17 4
56.5 17 4
73 17 5
72.9 17 5
75.8 17 5
74.2 17 5
73.8 17 5
73.5 17 5
72.7 17 5
73.3 17 5
78.2 17 5
73.2 17 5
72.6 17 5
74.7 17 5
63.9 17 6
64 17 6
55.8 17 7
55.7 17 7
59.2 17 7
55.5 17 7
52.6 17 7
64.2 17 8
69.6 17 8
64.3 17 8
68.5 17 8
71.4 17 8
68.8 17 8
68.3 17 9
71.6 17 9
70.4 17 9
72.1 17 9
70.6 17 9
69.9 17 9
54.9 17 10
52.3 17 10
56.4 17 10
54.7 17 10
54.6 17 10
54.2 17 10
55.8 17 10
53.5 17 10
54.1 17 10
72.1 17 11
73.4 17 11
66.7 17 11
64.2 17 11
66.4 17 11
66.6 17 11
73.2 17 12
72.8 17 12
70.7 17 12
71.4 17 12
72 17 12
69.3 17 12
68.9 17 12
68.8 17 12
69 17 12
62.5 17 13
62.6 17 13
60 17 13
59.5 17 13
70.1 17 14
68.6 17 14
66.2 17 14
65.8 17 14
67.5 17 14
63.1 17 14
71.9 17 14
71.4 17 14
71.4 17 14
71.3 17 14
65 17 14
58.6 17 15
61.8 17 15
57.8 17 15
57.4 17 15
57.5 17 15
68 17 15
59 17 15
59.8 17 15
75.5 18 1
80.8 18 1
74.3 18 1
77.9 18 1
78.1 18 1
77.4 18 1
76.7 18 1
86.4 18 2
85.1 18 2
88.7 18 2
82.5 18 2
81.6 18 2
83 18 2
88.8 18 2
89 18 2
92.4 18 2
87.2 18 2
82.1 18 3
84.9 18 3
86.8 18 3
88.7 18 3
84.8 18 3
84.2 18 3
79.4 18 3
82.2 18 3
86.4 18 3
70.2 18 4
78.2 18 4
87.8 18 5
92.9 18 5
89.5 18 5
88.9 18 5
85.7 18 5
87.7 18 5
89.9 18 5
96.7 18 5
92.7 18 5
93 18 5
82.4 18 6
81.8 18 6
78.7 18 6
81.3 18 6
67.2 18 7
76.5 18 7
65.4 18 7
74.1 18 7
66.9 18 7
68.8 18 7
67.6 18 7
77.7 18 7
71.1 18 7
69.7 18 7
69.4 18 7
76.9 18 8
84.3 18 8
81.5 18 8
87.5 18 8
83.5 18 8
88.7 18 8
82.3 18 8
81.6 18 8
82.1 18 8
82.3 18 8
83.6 18 9
92.2 18 9
93.8 18 9
87.5 18 9
70.4 18 10
71.4 18 10
72.1 18 10
70.2 18 10
69.3 18 10
73.9 18 10
68.7 18 10
67 18 10
74.5 18 10
83.9 18 11
85.9 18 11
85.8 18 11
86 18 11
85.6 18 11
86.9 18 11
87.3 18 11
90.8 18 12
91 18 12
89.4 18 12
86.3 18 12
91 18 12
88.1 18 12
90 18 12
76.2 18 13
80 18 13
75.2 18 13
71.2 18 13
76.3 18 13
74.5 18 13
78.2 18 13
82 18 14
84 18 14
82.7 18 14
87.9 18 14
82.3 18 15
74.1 18 15
74.8 18 15
70.6 18 15
76 18 15
64 19 1
76.9 19 1
69.4 19 1
73.7 19 1
65.6 19 1
66.3 19 1
65.8 19 1
83.3 19 2
74.8 19 2
74.5 19 2
77.3 19 2
78.1 19 2
79.5 19 2
75.1 19 2
71.6 19 3
71.1 19 3
76.3 19 3
69.1 19 3
74.1 19 3
79.9 19 3
78 19 3
74.1 19 3
66.1 19 4
81.7 19 5
82.2 19 5
78 19 5
81.5 19 5
79.7 19 5
82.8 19 5
82.8 19 5
80.3 19 5
73.9 19 6
72.5 19 6
71 19 6
77.7 19 6
75.1 19 6
77 19 6
72.7 19 6
62.8 19 7
67.2 19 7
65.1 19 7
60.6 19 7
64.7 19 7
66.3 19 7
68.2 19 8
73.9 19 8
73.9 19 8
74.8 19 8
74.4 19 8
73.6 19 8
80 19 8
74.1 19 9
85.8 19 9
79.3 19 9
83 19 9
74 19 9
75.5 19 9
67.7 19 10
66.7 19 10
64.1 19 10
67.7 19 10
66.9 19 10
73.9 19 11
75.1 19 11
78.5 19 11
75 19 11
78 19 11
81.4 19 12
83 19 12
82.5 19 12
80.8 19 12
79.4 19 12
81.2 19 12
73.6 19 12
85.8 19 12
78 19 12
78.2 19 12
75.7 19 13
69.5 19 13
72 19 13
74.2 19 13
66.1 19 13
80.2 19 14
76.6 19 14
74.2 19 14
75.1 19 14
75.6 19 14
75.4 19 14
71 19 15
65.8 19 15
68 19 15
63.8 19 15
70.1 19 15
63.4 19 15
65.4 20 1
73.2 20 1
61.3 20 1
70.5 20 1
66.1 20 1
71.9 20 1
69 20 1
74.5 20 2
75 20 2
80.6 20 2
81.5 20 2
75.2 20 2
83 20 2
77.1 20 2
74 20 3
71.8 20 3
75.2 20 3
75.4 20 3
74.7 20 3
75 20 3
73.7 20 3
74.5 20 3
71 20 3
66.1 20 4
65.5 20 4
70.5 20 4
72.9 20 4
65.2 20 4
65.3 20 4
78.4 20 5
79.2 20 5
75.2 20 5
84.8 20 5
84.3 20 5
84.1 20 5
69 20 6
76.3 20 6
76.2 20 6
69 20 6
73.4 20 6
77 20 6
67.8 20 7
58.7 20 7
60 20 7
62.2 20 7
64.4 20 7
62 20 7
63.3 20 7
59.4 20 7
73 20 8
73 20 8
70.5 20 8
78.4 20 8
78.9 20 8
77.1 20 8
72.5 20 8
73.9 20 8
77.6 20 9
75.5 20 9
77.8 20 9
77.2 20 9
75.3 20 9
73.9 20 9
61 20 10
62.6 20 10
61.6 20 10
59.7 20 10
62.4 20 10
60.8 20 10
62.9 20 10
61.8 20 10
61 20 10
62.2 20 10
81.9 20 11
76.9 20 11
77 20 11
76.2 20 11
77.6 20 11
80 20 12
81.4 20 12
78 20 12
76.3 20 12
76.1 20 12
81.1 20 12
64.6 20 13
65.7 20 13
67.4 20 13
80.6 20 14
68 20 14
76.4 20 14
69.3 20 14
78.4 20 14
79.7 20 14
81.1 20 14
69.2 20 15
67.6 20 15
62.5 20 15
63.9 20 15
69.9 20 15
66.1 20 15
70.9 21 1
75.6 21 1
75.4 21 1
69.9 21 1
67.4 21 1
65.4 21 1
73.1 21 1
68.2 21 1
82.3 21 2
82.2 21 2
84.9 21 2
80.2 21 2
86.2 21 2
82.3 21 2
78.2 21 2
78.4 21 3
69.1 21 4
63.8 21 4
68.3 21 4
67.2 21 4
71.2 21 4
68.3 21 4
68.6 21 4
72.4 21 4
83.7 21 5
86.7 21 5
82.6 21 5
87.4 21 5
88.4 21 5
82.3 21 5
79.4 21 6
77 21 6
79.8 21 6
71.6 21 6
73.6 21 6
77.2 21 6
70.9 21 6
74.5 21 6
81.7 21 6
61.1 21 7
64.7 21 7
66.9 21 7
65.8 21 7
65 21 7
64.8 21 7
64.5 21 7
61.9 21 7
79.1 21 8
76.5 21 8
76 21 8
71.9 21 8
79.7 21 8
79.1 21 8
75.5 21 8
76.9 21 8
85.5 21 9
80.9 21 9
78.2 21 9
84 21 9
82.1 21 9
79.8 21 9
78.3 21 9
80.4 21 9
66.6 21 10
67.2 21 10
85.8 21 11
84.6 21 11
82.3 21 11
78 21 11
77.6 21 11
74.7 21 12
79 21 12
87.1 21 12
74.4 21 12
78.9 21 12
82.2 21 12
72.1 21 13
74 21 13
81 21 13
81.8 21 14
83.7 21 14
80.5 21 14
80.7 21 14
81.4 21 14
63.2 21 15
71.9 21 15
75.7 21 15
72 21 15
65.4 22 1
67.3 22 1
77.9 22 2
79.3 22 2
78.3 22 2
76.5 22 2
76.4 22 2
69.3 22 3
75.8 22 3
74.4 22 3
69.9 22 3
72.4 22 3
72.3 22 3
66.7 22 3
73.9 22 3
72.8 22 3
77.4 22 3
75.4 22 3
57.9 22 4
60.7 22 4
63.6 22 4
79.9 22 5
74.7 22 5
78.8 22 5
75.8 22 5
84.7 22 5
82.8 22 5
78.4 22 5
76.4 22 6
68 22 6
72.3 22 6
74.3 22 6
76.4 22 6
69.1 22 6
64.4 22 7
64.4 22 7
60.4 22 7
55.8 22 7
53.8 22 7
68.2 22 7
63.9 22 7
73.2 22 8
71.2 22 8
62.2 22 8
72.6 22 8
73 22 8
62.9 22 8
70.1 22 8
72.8 22 8
74.5 22 8
73 22 9
78.5 22 9
71.8 22 9
75.8 22 9
78.2 22 9
74.9 22 9
76.8 22 9
59 22 10
50.6 22 10
57.9 22 10
57.4 22 10
64.3 22 10
62.5 22 10
59.6 22 10
71.6 22 11
75.8 22 11
70.9 22 11
75.6 22 11
72.1 22 11
71.4 22 11
74.1 22 11
70.9 22 11
70.9 22 11
73.4 22 12
77.8 22 12
79.2 22 12
76.8 22 12
72.4 22 12
72.4 22 12
79.2 22 12
58 22 13
68.1 22 13
63.8 22 13
69.1 22 13
62.5 22 13
59.3 22 13
75.1 22 14
72.9 22 14
72.4 22 14
74.5 22 14
72.6 22 14
64 22 15
62.9 22 15
71.6 22 15
63.9 22 15
61.3 22 15
65.9 22 15
75.4 23 1
83.2 23 2
84.1 23 2
78.8 23 3
81.7 23 3
84.1 23 3
80.2 23 3
71.5 23 4
72.5 23 4
74 23 4
71.7 23 4
69.9 23 4
70.6 23 4
76.3 23 4
85.3 23 5
85.1 23 5
83.9 23 5
84.9 23 5
87.3 23 5
81.4 23 6
79 23 6
80.4 23 6
81.1 23 6
79.5 23 6
84.6 23 6
65.3 23 7
72.5 23 7
65.4 23 7
73.6 23 7
65.7 23 7
69.9 23 7
80.6 23 8
80.8 23 8
71.6 23 8
77.3 23 8
80.1 23 9
82.1 23 9
85.4 23 9
81.1 23 9
81.1 23 9
86.6 23 9
89.2 23 9
81.7 23 9
76.5 23 9
65.1 23 10
67.7 23 10
71.3 23 10
68.2 23 10
70.9 23 10
66.3 23 10
76.3 23 10
82.6 23 11
85.2 23 11
79.6 23 11
82.2 23 11
78.5 23 11
78.7 23 11
83.9 23 12
85 23 12
78.1 23 12
82.6 23 12
81.5 23 12
82.2 23 12
71.6 23 13
75.2 23 13
70.3 23 13
76.7 23 13
73.6 23 13
75.2 23 13
78.7 23 13
72.6 23 13
76.9 23 14
74.1 23 14
88.2 23 14
82.1 23 14
81.8 23 14
79.3 23 14
79.6 23 14
80.5 23 14
79.9 23 14
77.8 23 14
87.6 23 14
81.9 23 14
72.9 23 15
74.3 23 15
74.1 23 15
73.1 23 15
72 23 15
65.7 23 15
71.6 23 15
71.8 23 15
65.8 23 15
72.8 23 15
73.7 23 15
82.1 24 1
75.7 24 1
68.7 24 1
72.8 24 1
77.3 24 2
85.5 24 2
82.3 24 2
78.3 24 2
81.6 24 2
83.5 24 2
81.2 24 2
81 24 3
80.4 24 3
80.9 24 3
80 24 3
81 24 3
83.2 24 3
71.9 24 4
75.2 24 4
73.9 24 4
78.4 24 4
69.3 24 4
68.8 24 4
70.5 24 4
73.3 24 4
89.8 24 5
88 24 5
83.6 24 5
88 24 5
86.2 24 5
84.8 24 5
85.3 24 5
83.8 24 5
91.3 24 5
80.4 24 5
79.9 24 5
85.4 24 5
75.3 24 6
78.2 24 6
78.4 24 6
79.9 24 6
79.4 24 6
75.2 24 6
68.7 24 7
68.3 24 7
62 24 7
69.5 24 7
66.7 24 7
70.2 24 7
68.9 24 7
74.5 24 8
75 24 8
80.8 24 8
80.1 24 8
75.2 24 8
78.5 24 8
83.8 24 9
82.5 24 9
67.3 24 10
59.6 24 10
70.9 24 10
62.5 24 10
72.9 24 10
68.1 24 10
66.1 24 10
68.6 24 10
80.3 24 11
79.4 24 11
82.8 24 11
82.1 24 11
81.9 24 11
85.1 24 11
82.4 24 11
81.6 24 11
80.6 24 11
84.9 24 12
89.1 24 12
83.4 24 12
82.2 24 12
82.2 24 12
87.7 24 12
75.6 24 12
83.2 24 12
85.3 24 12
75.4 24 13
73.6 24 13
75.3 24 13
72.2 24 13
69.4 24 13
75.9 24 13
71.2 24 13
70.7 24 13
74.9 24 14
81.7 24 14
74.6 24 14
84.1 24 14
78.6 24 14
81.9 24 14
77.1 24 14
69.8 24 15
71.3 24 15
68.8 24 15
72.1 24 15
68.4 24 15
71 25 1
75 25 1
84.3 25 2
85.3 25 2
88.2 25 2
83.8 25 2
91.6 25 2
86.5 25 2
83 25 2
85 25 2
77.3 25 2
84.8 25 2
88.7 25 2
79.8 25 3
86 25 3
87.3 25 3
84.2 25 3
84 25 3
81.8 25 3
74.4 25 4
72 25 4
67.8 25 4
68.7 25 4
73 25 4
68.4 25 4
75.3 25 4
85.7 25 5
88.3 25 5
93.6 25 5
85.3 25 5
92.8 25 5
88.1 25 5
86 25 5
91.7 25 5
89.1 25 5
84.8 25 5
84 25 6
76.4 25 6
71.2 25 6
77.6 25 6
75.8 25 6
82.1 25 6
73.8 25 6
81.6 25 6
72.5 25 7
71.9 25 7
65.4 25 7
72 25 7
69.6 25 7
78 25 8
86.2 25 8
85.3 25 8
76.9 25 8
79.7 25 8
82.2 25 8
81.5 25 9
78.4 25 9
80.3 25 9
85.5 25 9
85.2 25 9
85.5 25 9
72.2 25 10
68.6 25 10
66.9 25 10
72 25 10
67.8 25 10
74.2 25 10
72.4 25 10
69.1 25 10
70.3 25 10
85.2 25 11
85.9 25 11
76.6 25 11
79.9 25 11
85.5 25 11
84.8 25 11
78.8 25 11
82.1 25 12
85.4 25 12
83.9 25 12
84.6 25 12
92.7 25 12
83.4 25 12
83.4 25 12
85 25 12
84.3 25 12
73.6 25 13
69.5 25 13
73.8 25 13
69.5 25 13
73.1 25 13
77.1 25 13
73.7 25 13
75.9 25 13
78.1 25 13
72.7 25 13
83.2 25 14
78.1 25 14
78 25 14
79.8 25 14
82 25 14
80.8 25 14
84.3 25 14
80.9 25 14
75.2 25 14
76.6 25 14
84.2 25 14
80.7 25 14
85.8 25 14
80.4 25 14
76.1 25 15
74 25 15
72.2 25 15
70.7 25 15
72.5 25 15
72.9 25 15
65.7 25 15
69.2 26 1
64.9 26 1
63.4 26 1
70.4 26 1
79.6 26 2
74 26 2
80.7 26 2
77.8 26 2
76.5 26 2
75.4 26 2
75 26 3
73.8 26 3
76.5 26 3
78.8 26 3
63.5 26 4
67.5 26 4
62 26 4
66.9 26 4
65.5 26 4
66.8 26 4
68.8 26 4
69.6 26 4
79.5 26 5
85 26 5
84.4 26 5
77.9 26 5
87.3 26 5
77.7 26 5
81.5 26 5
69.6 26 6
70.1 26 6
73.5 26 6
68.3 26 6
74.9 26 6
75.8 26 6
75.8 26 6
73.7 26 6
74.8 26 6
76 26 6
71.6 26 6
62.9 26 7
62.5 26 7
58.8 26 7
63 26 7
57.2 26 7
68.9 26 8
71.7 26 8
75.2 26 8
69.6 26 8
70.5 26 8
74.4 26 8
77.8 26 9
78.4 26 9
82.9 26 9
72.1 26 9
81.2 26 9
81.7 26 9
76.4 26 9
76.9 26 9
75.5 26 9
60 26 10
64.5 26 10
60.8 26 10
59.6 26 10
61.6 26 10
76 26 11
77.9 26 11
73.7 26 11
72.2 26 11
73.3 26 11
76.1 26 11
80.7 26 11
70.5 26 11
72.3 26 11
74.4 26 11
75.1 26 11
76.2 26 11
76.8 26 12
77 26 12
78.9 26 12
82 26 12
77 26 12
81.4 26 12
74.1 26 12
76.8 26 12
61.6 26 13
63.9 26 13
76.7 26 13
62.5 26 13
68 26 13
69.8 26 13
63 26 13
76 26 14
73.1 26 14
75.4 26 14
71.5 26 14
69.7 26 14
73.4 26 14
74.1 26 14
70.6 26 15
65.9 26 15
67.4 26 15
71.6 26 15
67.7 26 15
68.1 26 15
64 26 15
66.9 26 15
67.3 26 15
67.9 26 15
71 27 1
78.2 27 1
75.1 27 2
86.1 27 2
77.3 27 2
79.6 27 2
82.8 27 2
77.7 27 2
74.7 27 3
70.8 27 3
74.1 27 3
78.7 27 3
73 27 3
78.8 27 3
80.4 27 3
68.3 27 4
73.8 27 4
62.4 27 4
79.3 27 5
84 27 5
81 27 5
87.2 27 5
81.9 27 5
82.6 27 5
87.8 27 5
67.9 27 6
69 27 6
70.5 27 6
78.2 27 6
67.8 27 6
76.8 27 6
75.7 27 6
62.4 27 7
55.7 27 7
66.4 27 7
66.2 27 7
67 27 7
67.8 27 7
63.3 27 7
61.8 27 7
64.1 27 7
75.2 27 8
71.3 27 8
73.6 27 8
68.1 27 8
75.4 27 8
72.5 27 8
72.1 27 8
77.6 27 9
79.8 27 9
78 27 9
75.7 27 9
61.9 27 10
57.7 27 10
64.9 27 10
67 27 10
62.8 27 10
65.8 27 10
66.1 27 10
61.3 27 10
77.1 27 11
79.5 27 11
68.4 27 11
74.3 27 11
77.9 27 11
75.9 27 11
74.8 27 11
76.3 27 12
76.6 27 12
79.2 27 12
80.8 27 12
81.7 27 12
81.4 27 12
82.3 27 12
78 27 12
83.7 27 12
72.1 27 13
67.5 27 13
73.1 27 13
70.2 27 13
77.1 27 13
65.4 27 13
70.6 27 13
71.4 27 14
80.7 27 14
77.5 27 14
79.3 27 14
70.8 27 14
80.7 27 14
78.7 27 14
78 27 14
80.3 27 14
75.8 27 14
68.8 27 15
66.3 27 15
69.2 27 15
73.8 27 15
67.7 27 15
66.9 27 15
69.7 27 15
65.2 28 1
66.8 28 1
74.2 28 1
64 28 1
62.9 28 1
64.3 28 1
71.2 28 1
64.9 28 1
67.5 28 1
65.1 28 1
72.5 28 2
75.2 28 2
78.9 28 2
74.3 28 2
72.4 28 2
76 28 2
79.5 28 2
67.4 28 3
74.3 28 3
76.8 28 3
73.5 28 3
76.9 28 3
73.1 28 3
74.6 28 3
76.5 28 3
67.9 28 3
71.1 28 3
59.2 28 4
66.5 28 4
65 28 4
62 28 4
65.9 28 4
58.2 28 4
65.9 28 4
73.5 28 5
79.9 28 5
78.8 28 5
70.8 28 6
67 28 6
74.7 28 6
64.7 28 7
63.7 28 7
61.9 28 7
56.4 28 7
61.5 28 7
64.3 28 7
60.5 28 7
59.1 28 7
66.5 28 7
63.1 28 7
71.8 28 8
77.6 28 8
75.5 28 8
77.3 28 8
68.6 28 8
74.4 28 9
76.4 28 9
75.7 28 9
75.3 28 9
75.5 28 9
76.4 28 9
61.4 28 10
67.5 28 10
72.9 28 11
79.4 28 11
75.6 28 11
75.3 28 11
73.1 28 11
72.5 28 11
73.6 28 11
67.5 28 11
83.6 28 12
77.2 28 12
75.5 28 12
76.4 28 12
75.1 28 12
65.6 28 13
66.2 28 13
73.1 28 13
68.5 28 14
73.4 28 14
77.3 28 14
73.3 28 14
68.6 28 15
62.8 28 15
63.9 28 15
64.2 28 15
68.9 28 15
65.2 28 15
62.8 28 15
65 28 15
68.1 29 1
66.1 29 1
71.2 29 1
67.2 29 1
64.3 29 1
65.5 29 1
72.9 29 2
77.6 29 2
78.5 29 2
72.9 29 3
70.2 29 3
72.8 29 3
72.8 29 3
72 29 3
65.9 29 3
76.3 29 3
69 29 3
62.8 29 4
63.2 29 4
70.5 29 4
60 29 4
66.8 29 4
60.2 29 4
66 29 4
80.5 29 5
76.4 29 5
81.9 29 5
80.1 29 5
77.8 29 5
76.9 29 5
74.4 29 5
82.9 29 5
73.9 29 5
74.7 29 5
76.2 29 5
78.5 29 5
75.6 29 5
68.8 29 6
67.6 29 6
71.4 29 6
70.6 29 6
70.5 29 6
67.6 29 6
72.6 29 6
59.9 29 7
61 29 7
59.3 29 7
57.7 29 7
58.5 29 7
75.2 29 8
72.9 29 8
73.1 29 8
67.7 29 8
68.7 29 8
67.6 29 8
69 29 8
68.9 29 8
74.7 29 9
56.5 29 10
63.3 29 10
58.3 29 10
60 29 10
56.9 29 10
55.9 29 10
61.5 29 10
59.5 29 10
73.3 29 11
76.3 29 11
68.8 29 11
72 29 11
69.6 29 11
76.9 29 11
76 29 11
76.5 29 11
74.1 29 11
76.5 29 12
77 29 12
78.5 29 12
75 29 12
74.5 29 12
79.2 29 12
73 29 12
81.4 29 12
80.4 29 12
65.4 29 13
70.3 29 13
61.7 29 13
75.1 29 14
76.7 29 14
75.6 29 14
77.2 29 14
70.2 29 14
73.5 29 14
70.9 29 14
74.7 29 14
74.1 29 14
71.1 29 14
66 29 15
60.2 29 15
64.9 29 15
65.7 29 15
65.6 29 15
59.3 29 15
60 29 15
63.6 29 15
62.2 29 15
74.7 30 1
75.8 30 1
74.9 30 1
83 30 1
76.1 30 1
74.1 30 1
79.8 30 1
81.4 30 2
85.8 30 2
85.7 30 2
81.5 30 2
86.5 30 2
77.3 30 3
77.7 30 3
86 30 3
73.9 30 4
78.3 30 4
73.8 30 4
75.5 30 4
72 30 4
68.4 30 4
74.2 30 4
74.3 30 4
91.9 30 5
92.9 30 5
84.9 30 5
90.2 30 5
82.8 30 5
88.7 30 5
81 30 6
82.7 30 6
79.2 30 6
81.5 30 6
79.4 30 6
64.9 30 7
65.8 30 7
64 30 7
76.2 30 7
65.1 30 7
81.8 30 8
80.9 30 8
82.7 30 8
82.1 30 8
81.5 30 8
80.3 30 9
83.7 30 9
65.2 30 10
70.2 30 10
70.8 30 10
74.2 30 10
68.8 30 10
67.9 30 10
66.3 30 10
73.5 30 10
79.5 30 11
86.7 30 11
83.4 30 11
76.9 30 11
91 30 12
88.5 30 12
90.1 30 12
91.3 30 12
77 30 13
77.2 30 13
73.8 30 13
77 30 13
72.9 30 13
75.4 30 13
74.1 30 13
80.1 30 13
68.2 30 13
75.6 30 13
87.4 30 14
83.9 30 14
80.4 30 14
88.8 30 14
75.9 30 15
67.3 30 15
69.2 30 15
70.9 30 15
74.2 30 15
