score,school,subject,helper
0,72.9,1,1,0.0
1,72.6,1,1,0.0
2,72.2,1,1,0.0
3,74.9,1,1,0.0
4,74.9,1,1,0.0
5,66.3,1,1,0.0
6,71.5,1,1,0.0
7,71.0,1,1,0.0
8,77.0,1,1,0.0
9,70.2,1,1,0.0
10,77.2,1,2,0.0
11,83.9,1,2,0.0
12,75.7,1,2,0.0
13,82.0,1,2,0.0
14,85.3,1,2,0.0
15,77.6,1,2,0.0
16,81.0,1,2,0.0
17,83.7,1,2,0.0
18,77.7,1,2,0.0
19,75.6,1,3,0.0
20,82.3,1,3,0.0
21,78.6,1,3,0.0
22,79.3,1,3,0.0
23,78.3,1,3,0.0
24,77.1,1,3,0.0
25,84.8,1,3,0.0
26,79.9,1,3,0.0
27,75.1,1,3,0.0
28,76.2,1,3,0.0
29,65.3,1,4,0.0
30,67.7,1,4,0.0
31,74.9,1,4,0.0
32,66.4,1,4,0.0
33,73.0,1,4,0.0
34,68.1,1,4,0.0
35,67.8,1,4,0.0
36,88.5,1,5,0.0
37,85.1,1,5,0.0
38,86.5,1,5,0.0
39,85.4,1,5,0.0
40,84.0,1,5,0.0
41,87.4,1,5,0.0
42,72.3,1,6,0.0
43,80.5,1,6,0.0
44,77.5,1,6,0.0
45,75.3,1,6,0.0
46,75.1,1,6,0.0
47,67.9,1,7,0.0
48,64.3,1,7,0.0
49,80.8,1,8,0.0
50,79.7,1,8,0.0
51,79.9,1,8,0.0
52,78.6,1,8,0.0
53,75.4,1,8,0.0
54,77.0,1,9,0.0
55,83.0,1,9,0.0
56,83.9,1,9,0.0
57,81.0,1,9,0.0
58,82.6,1,9,0.0
59,83.8,1,9,0.0
60,60.7,1,10,0.0
61,68.9,1,10,0.0
62,64.1,1,10,0.0
63,77.5,1,11,0.0
64,77.3,1,11,0.0
65,75.7,1,11,0.0
66,78.8,1,11,0.0
67,79.2,1,12,0.0
68,83.6,1,12,0.0
69,79.4,1,12,0.0
70,83.3,1,12,0.0
71,86.6,1,12,0.0
72,81.9,1,12,0.0
73,71.4,1,13,0.0
74,70.6,1,13,0.0
75,72.3,1,13,0.0
76,66.9,1,13,0.0
77,75.2,1,13,0.0
78,73.6,1,13,0.0
79,71.5,1,13,0.0
80,66.4,1,13,0.0
81,75.2,1,14,0.0
82,81.4,1,14,0.0
83,75.2,1,14,0.0
84,82.3,1,14,0.0
85,79.1,1,14,0.0
86,77.7,1,14,0.0
87,79.4,1,14,0.0
88,68.6,1,15,0.0
89,69.6,1,15,0.0
90,71.2,1,15,0.0
91,71.2,1,15,0.0
92,73.7,2,1,0.0
93,72.4,2,1,0.0
94,66.8,2,1,0.0
95,75.3,2,1,0.0
96,72.6,2,1,0.0
97,67.0,2,1,0.0
98,68.4,2,1,0.0
99,71.8,2,1,0.0
100,80.3,2,2,0.0
101,82.5,2,2,0.0
102,84.7,2,2,0.0
103,78.2,2,2,0.0
104,78.6,2,2,0.0
105,84.8,2,2,0.0
106,83.5,2,2,0.0
107,81.8,2,2,0.0
108,80.0,2,2,0.0
109,85.7,2,2,0.0
110,79.2,2,3,0.0
111,79.5,2,3,0.0
112,76.9,2,3,0.0
113,79.3,2,3,0.0
114,81.4,2,3,0.0
115,78.2,2,3,0.0
116,66.7,2,4,0.0
117,67.2,2,4,0.0
118,71.8,2,4,0.0
119,71.5,2,4,0.0
120,66.4,2,4,0.0
121,75.9,2,4,0.0
122,69.0,2,4,0.0
123,74.9,2,4,0.0
124,70.6,2,4,0.0
125,72.6,2,4,0.0
126,83.2,2,5,0.0
127,85.9,2,5,0.0
128,88.2,2,5,0.0
129,81.8,2,5,0.0
130,79.5,2,6,0.0
131,74.1,2,6,0.0
132,77.5,2,6,0.0
133,79.5,2,6,0.0
134,65.0,2,7,0.0
135,67.1,2,7,0.0
136,69.5,2,7,0.0
137,60.3,2,7,0.0
138,70.7,2,7,0.0
139,68.5,2,7,0.0
140,69.1,2,7,0.0
141,80.7,2,8,0.0
142,82.5,2,8,0.0
143,82.0,2,8,0.0
144,72.0,2,8,0.0
145,76.6,2,8,0.0
146,80.7,2,8,0.0
147,82.2,2,9,0.0
148,81.6,2,9,0.0
149,79.0,2,9,0.0
150,84.4,2,9,0.0
151,79.4,2,9,0.0
152,70.7,2,10,0.0
153,66.8,2,10,0.0
154,69.6,2,10,0.0
155,68.4,2,10,0.0
156,68.5,2,10,0.0
157,64.8,2,10,0.0
158,64.5,2,10,0.0
159,63.2,2,10,0.0
160,66.3,2,10,0.0
161,77.3,2,11,0.0
162,78.7,2,11,0.0
163,81.1,2,11,0.0
164,80.0,2,11,0.0
165,80.1,2,11,0.0
166,83.8,2,11,0.0
167,82.0,2,12,0.0
168,84.1,2,12,0.0
169,83.1,2,12,0.0
170,76.8,2,12,0.0
171,86.2,2,12,0.0
172,91.8,2,12,0.0
173,83.2,2,12,0.0
174,87.3,2,12,0.0
175,82.5,2,12,0.0
176,80.6,2,12,0.0
177,84.3,2,12,0.0
178,74.7,2,13,0.0
179,71.0,2,13,0.0
180,75.5,2,13,0.0
181,69.8,2,13,0.0
182,71.8,2,13,0.0
183,72.9,2,13,0.0
184,75.7,2,13,0.0
185,75.5,2,13,0.0
186,72.4,2,13,0.0
187,79.5,2,13,0.0
188,65.2,2,13,0.0
189,63.5,2,13,0.0
190,88.5,2,14,0.0
191,79.5,2,14,0.0
192,85.0,2,14,0.0
193,70.9,2,15,0.0
194,70.0,2,15,0.0
195,74.0,2,15,0.0
196,68.8,2,15,0.0
197,75.2,2,15,0.0
198,66.5,2,15,0.0
199,66.1,2,15,0.0
200,71.7,2,15,0.0
201,74.4,3,1,0.0
202,79.4,3,1,0.0
203,79.0,3,1,0.0
204,76.7,3,1,0.0
205,73.0,3,1,0.0
206,78.6,3,1,0.0
207,84.4,3,2,0.0
208,86.9,3,2,0.0
209,82.6,3,3,0.0
210,88.3,3,3,0.0
211,80.9,3,3,0.0
212,84.6,3,3,0.0
213,84.5,3,3,0.0
214,80.2,3,3,0.0
215,85.6,3,3,0.0
216,79.8,3,3,0.0
217,88.0,3,3,0.0
218,84.9,3,3,0.0
219,70.8,3,4,0.0
220,71.4,3,4,0.0
221,72.1,3,4,0.0
222,72.3,3,4,0.0
223,81.4,3,5,0.0
224,87.2,3,5,0.0
225,88.0,3,5,0.0
226,85.3,3,5,0.0
227,91.6,3,5,0.0
228,89.3,3,5,0.0
229,90.6,3,5,0.0
230,85.0,3,5,0.0
231,80.6,3,6,0.0
232,80.2,3,6,0.0
233,82.6,3,6,0.0
234,83.1,3,6,0.0
235,81.0,3,6,0.0
236,82.7,3,6,0.0
237,70.4,3,7,0.0
238,70.8,3,7,0.0
239,66.8,3,7,0.0
240,65.9,3,7,0.0
241,65.3,3,7,0.0
242,81.5,3,8,0.0
243,82.0,3,8,0.0
244,83.6,3,8,0.0
245,83.4,3,8,0.0
246,80.3,3,8,0.0
247,82.7,3,8,0.0
248,87.8,3,9,0.0
249,85.5,3,9,0.0
250,85.4,3,9,0.0
251,76.7,3,9,0.0
252,82.7,3,9,0.0
253,92.7,3,9,0.0
254,86.9,3,9,0.0
255,75.2,3,10,0.0
256,65.1,3,10,0.0
257,72.9,3,10,0.0
258,70.0,3,10,0.0
259,67.7,3,10,0.0
260,69.2,3,10,0.0
261,65.7,3,10,0.0
262,70.8,3,10,0.0
263,86.5,3,11,0.0
264,80.9,3,11,0.0
265,89.5,3,11,0.0
266,81.2,3,11,0.0
267,88.3,3,12,0.0
268,87.7,3,12,0.0
269,85.0,3,12,0.0
270,86.1,3,12,0.0
271,85.3,3,12,0.0
272,69.8,3,13,0.0
273,82.8,3,13,0.0
274,77.5,3,13,0.0
275,77.1,3,13,0.0
276,76.8,3,13,0.0
277,73.4,3,13,0.0
278,77.8,3,14,0.0
279,86.0,3,14,0.0
280,85.2,3,14,0.0
281,83.4,3,14,0.0
282,86.8,3,14,0.0
283,73.1,3,15,0.0
284,73.2,3,15,0.0
285,65.7,3,15,0.0
286,70.3,3,15,0.0
287,71.6,3,15,0.0
288,74.9,3,15,0.0
289,69.6,3,15,0.0
290,74.2,3,15,0.0
291,73.8,3,15,0.0
292,80.0,4,1,0.0
293,75.5,4,1,0.0
294,76.0,4,1,0.0
295,76.0,4,1,0.0
296,74.8,4,1,0.0
297,78.5,4,1,0.0
298,76.6,4,1,0.0
299,74.6,4,1,0.0
300,88.3,4,2,0.0
301,87.5,4,2,0.0
302,82.0,4,2,0.0
303,89.2,4,2,0.0
304,83.2,4,3,0.0
305,86.0,4,3,0.0
306,80.4,4,3,0.0
307,87.0,4,3,0.0
308,81.8,4,3,0.0
309,77.2,4,4,0.0
310,75.4,4,4,0.0
311,69.8,4,4,0.0
312,78.4,4,4,0.0
313,72.5,4,4,0.0
314,72.8,4,4,0.0
315,75.3,4,4,0.0
316,68.1,4,4,0.0
317,78.9,4,4,0.0
318,71.2,4,4,0.0
319,74.5,4,4,0.0
320,77.2,4,4,0.0
321,70.8,4,4,0.0
322,89.3,4,5,0.0
323,91.8,4,5,0.0
324,85.5,4,5,0.0
325,89.0,4,5,0.0
326,91.9,4,5,0.0
327,88.7,4,5,0.0
328,91.3,4,5,0.0
329,88.9,4,5,0.0
330,83.6,4,6,0.0
331,76.5,4,6,0.0
332,83.1,4,6,0.0
333,81.6,4,6,0.0
334,81.4,4,6,0.0
335,84.3,4,6,0.0
336,69.4,4,7,0.0
337,74.1,4,7,0.0
338,77.0,4,7,0.0
339,66.6,4,7,0.0
340,69.4,4,7,0.0
341,68.7,4,7,0.0
342,69.5,4,7,0.0
343,71.2,4,7,0.0
344,86.2,4,9,0.0
345,83.2,4,9,0.0
346,87.7,4,9,0.0
347,85.3,4,9,0.0
348,90.4,4,9,0.0
349,70.1,4,10,0.0
350,66.5,4,10,0.0
351,69.2,4,10,0.0
352,74.1,4,10,0.0
353,70.6,4,10,0.0
354,66.5,4,10,0.0
355,71.1,4,10,0.0
356,74.7,4,10,0.0
357,88.2,4,11,0.0
358,78.7,4,11,0.0
359,80.9,4,11,0.0
360,83.8,4,11,0.0
361,85.0,4,11,0.0
362,87.6,4,11,0.0
363,83.2,4,11,0.0
364,80.0,4,11,0.0
365,80.3,4,11,0.0
366,78.8,4,11,0.0
367,83.1,4,12,0.0
368,90.3,4,12,0.0
369,83.2,4,12,0.0
370,76.2,4,13,0.0
371,77.2,4,13,0.0
372,77.6,4,13,0.0
373,79.7,4,13,0.0
374,78.4,4,13,0.0
375,86.5,4,14,0.0
376,79.3,4,14,0.0
377,80.5,4,14,0.0
378,77.7,4,14,0.0
379,80.5,4,14,0.0
380,78.8,4,14,0.0
381,81.5,4,14,0.0
382,81.1,4,14,0.0
383,78.9,4,15,0.0
384,77.2,4,15,0.0
385,76.0,4,15,0.0
386,72.5,4,15,0.0
387,78.1,4,15,0.0
388,69.2,4,15,0.0
389,78.2,4,15,0.0
390,72.4,4,15,0.0
391,77.8,4,15,0.0
392,70.1,4,15,0.0
393,74.4,5,1,0.0
394,65.3,5,1,0.0
395,73.3,5,1,0.0
396,70.5,5,1,0.0
397,75.3,5,2,0.0
398,79.3,5,2,0.0
399,85.8,5,2,0.0
400,81.9,5,2,0.0
401,75.6,5,3,0.0
402,71.0,5,4,0.0
403,70.1,5,4,0.0
404,70.2,5,4,0.0
405,84.9,5,5,0.0
406,85.5,5,5,0.0
407,87.1,5,5,0.0
408,84.0,5,5,0.0
409,85.7,5,5,0.0
410,83.2,5,5,0.0
411,83.7,5,5,0.0
412,75.1,5,6,0.0
413,68.1,5,6,0.0
414,67.3,5,6,0.0
415,74.5,5,6,0.0
416,71.0,5,6,0.0
417,81.3,5,6,0.0
418,73.0,5,6,0.0
419,73.8,5,6,0.0
420,64.4,5,7,0.0
421,67.7,5,7,0.0
422,63.2,5,7,0.0
423,62.1,5,7,0.0
424,60.0,5,7,0.0
425,65.2,5,7,0.0
426,69.0,5,7,0.0
427,63.9,5,7,0.0
428,67.8,5,8,0.0
429,75.5,5,8,0.0
430,76.6,5,8,0.0
431,79.7,5,8,0.0
432,81.1,5,9,0.0
433,81.8,5,9,0.0
434,83.6,5,9,0.0
435,79.1,5,9,0.0
436,74.2,5,9,0.0
437,79.5,5,9,0.0
438,77.8,5,9,0.0
439,61.8,5,10,0.0
440,66.8,5,10,0.0
441,67.2,5,10,0.0
442,71.9,5,10,0.0
443,65.8,5,10,0.0
444,65.4,5,10,0.0
445,79.0,5,11,0.0
446,81.4,5,12,0.0
447,80.6,5,12,0.0
448,81.0,5,12,0.0
449,84.3,5,12,0.0
450,74.8,5,12,0.0
451,80.0,5,12,0.0
452,79.9,5,12,0.0
453,68.3,5,13,0.0
454,70.6,5,13,0.0
455,69.9,5,13,0.0
456,69.6,5,13,0.0
457,75.0,5,13,0.0
458,72.4,5,13,0.0
459,72.3,5,13,0.0
460,71.9,5,13,0.0
461,70.7,5,13,0.0
462,81.5,5,14,0.0
463,74.0,5,14,0.0
464,78.8,5,14,0.0
465,79.2,5,14,0.0
466,78.3,5,14,0.0
467,68.7,5,15,0.0
468,66.9,5,15,0.0
469,70.6,5,15,0.0
470,65.4,5,15,0.0
471,65.0,5,15,0.0
472,69.0,5,15,0.0
473,66.7,5,15,0.0
474,69.2,5,15,0.0
475,64.2,5,15,0.0
476,68.1,5,15,0.0
477,59.9,6,1,0.0
478,60.9,6,1,0.0
479,56.2,6,1,0.0
480,63.7,6,1,0.0
481,64.3,6,1,0.0
482,56.4,6,1,0.0
483,64.8,6,1,0.0
484,60.7,6,1,0.0
485,66.1,6,2,0.0
486,66.8,6,2,0.0
487,72.9,6,2,0.0
488,73.9,6,2,0.0
489,71.5,6,2,0.0
490,70.3,6,2,0.0
491,66.0,6,2,0.0
492,71.0,6,2,0.0
493,74.4,6,2,0.0
494,70.9,6,2,0.0
495,65.7,6,3,0.0
496,62.6,6,3,0.0
497,70.4,6,3,0.0
498,64.2,6,3,0.0
499,71.7,6,3,0.0
500,63.6,6,3,0.0
501,61.7,6,4,0.0
502,61.8,6,4,0.0
503,54.9,6,4,0.0
504,59.5,6,4,0.0
505,57.9,6,4,0.0
506,76.2,6,5,0.0
507,74.1,6,5,0.0
508,72.9,6,5,0.0
509,77.4,6,5,0.0
510,74.7,6,5,0.0
511,78.6,6,5,0.0
512,74.2,6,5,0.0
513,71.4,6,5,0.0
514,70.1,6,6,0.0
515,66.3,6,6,0.0
516,66.0,6,6,0.0
517,53.2,6,7,0.0
518,56.2,6,7,0.0
519,54.9,6,7,0.0
520,58.3,6,7,0.0
521,53.7,6,7,0.0
522,50.9,6,7,0.0
523,47.1,6,7,0.0
524,52.3,6,7,0.0
525,64.9,6,8,0.0
526,63.6,6,8,0.0
527,69.1,6,8,0.0
528,71.0,6,8,0.0
529,65.5,6,8,0.0
530,59.5,6,8,0.0
531,70.3,6,8,0.0
532,62.9,6,8,0.0
533,66.8,6,8,0.0
534,64.7,6,8,0.0
535,68.1,6,8,0.0
536,65.2,6,9,0.0
537,70.6,6,9,0.0
538,75.5,6,9,0.0
539,66.5,6,9,0.0
540,68.7,6,9,0.0
541,52.6,6,10,0.0
542,55.8,6,10,0.0
543,53.4,6,10,0.0
544,57.0,6,10,0.0
545,51.0,6,10,0.0
546,58.8,6,10,0.0
547,51.8,6,10,0.0
548,72.3,6,11,0.0
549,66.8,6,11,0.0
550,68.5,6,11,0.0
551,71.4,6,11,0.0
552,64.6,6,11,0.0
553,71.0,6,11,0.0
554,63.7,6,12,0.0
555,72.8,6,12,0.0
556,72.2,6,12,0.0
557,71.6,6,12,0.0
558,67.8,6,12,0.0
559,71.4,6,12,0.0
560,59.9,6,13,0.0
561,62.9,6,13,0.0
562,59.6,6,13,0.0
563,64.6,6,13,0.0
564,62.0,6,13,0.0
565,62.6,6,13,0.0
566,62.9,6,14,0.0
567,72.1,6,14,0.0
568,64.2,6,14,0.0
569,66.7,6,14,0.0
570,65.8,6,14,0.0
571,71.2,6,14,0.0
572,63.4,6,14,0.0
573,69.8,6,14,0.0
574,68.5,6,14,0.0
575,72.9,6,14,0.0
576,65.6,6,14,0.0
577,56.0,6,15,0.0
578,57.3,6,15,0.0
579,56.2,6,15,0.0
580,56.8,6,15,0.0
581,59.9,6,15,0.0
582,60.7,6,15,0.0
583,59.5,7,1,0.0
584,62.0,7,1,0.0
585,67.9,7,1,0.0
586,64.9,7,1,0.0
587,60.7,7,1,0.0
588,63.5,7,1,0.0
589,63.4,7,1,0.0
590,58.9,7,1,0.0
591,60.9,7,1,0.0
592,56.7,7,1,0.0
593,71.6,7,2,0.0
594,69.5,7,2,0.0
595,71.9,7,2,0.0
596,68.8,7,2,0.0
597,70.3,7,2,0.0
598,77.5,7,2,0.0
599,75.6,7,2,0.0
600,72.8,7,2,0.0
601,69.5,7,2,0.0
602,73.0,7,2,0.0
603,69.9,7,3,0.0
604,68.6,7,3,0.0
605,63.8,7,3,0.0
606,66.6,7,3,0.0
607,62.4,7,3,0.0
608,67.6,7,3,0.0
609,66.1,7,3,0.0
610,60.0,7,4,0.0
611,59.3,7,4,0.0
612,58.3,7,4,0.0
613,57.4,7,4,0.0
614,62.0,7,4,0.0
615,62.7,7,4,0.0
616,60.8,7,4,0.0
617,52.3,7,4,0.0
618,73.9,7,5,0.0
619,69.2,7,5,0.0
620,70.1,7,5,0.0
621,72.7,7,5,0.0
622,71.7,7,5,0.0
623,77.9,7,5,0.0
624,67.1,7,6,0.0
625,64.2,7,6,0.0
626,67.4,7,6,0.0
627,65.1,7,6,0.0
628,60.2,7,6,0.0
629,63.2,7,6,0.0
630,64.7,7,6,0.0
631,57.1,7,7,0.0
632,59.8,7,7,0.0
633,61.2,7,8,0.0
634,65.6,7,8,0.0
635,63.1,7,8,0.0
636,68.0,7,8,0.0
637,63.0,7,8,0.0
638,75.3,7,8,0.0
639,70.4,7,8,0.0
640,68.6,7,9,0.0
641,69.8,7,9,0.0
642,66.7,7,9,0.0
643,70.2,7,9,0.0
644,73.2,7,9,0.0
645,62.0,7,10,0.0
646,59.6,7,10,0.0
647,56.3,7,10,0.0
648,51.5,7,10,0.0
649,56.8,7,10,0.0
650,53.8,7,10,0.0
651,57.2,7,10,0.0
652,70.2,7,11,0.0
653,69.1,7,11,0.0
654,68.9,7,11,0.0
655,64.2,7,11,0.0
656,64.3,7,11,0.0
657,67.0,7,11,0.0
658,68.8,7,12,0.0
659,74.4,7,12,0.0
660,67.3,7,12,0.0
661,69.7,7,12,0.0
662,70.0,7,12,0.0
663,72.1,7,12,0.0
664,57.2,7,13,0.0
665,62.1,7,13,0.0
666,63.2,7,13,0.0
667,59.5,7,13,0.0
668,64.3,7,13,0.0
669,62.4,7,13,0.0
670,58.4,7,13,0.0
671,56.3,7,13,0.0
672,54.9,7,13,0.0
673,61.1,7,13,0.0
674,61.3,7,13,0.0
675,63.0,7,13,0.0
676,57.5,7,13,0.0
677,70.0,7,14,0.0
678,62.7,7,14,0.0
679,65.5,7,14,0.0
680,68.0,7,14,0.0
681,67.2,7,14,0.0
682,68.6,7,14,0.0
683,66.5,7,14,0.0
684,59.5,7,15,0.0
685,55.2,7,15,0.0
686,58.6,7,15,0.0
687,59.5,7,15,0.0
688,58.5,7,15,0.0
689,56.9,7,15,0.0
690,64.5,8,1,0.0
691,62.4,8,1,0.0
692,64.4,8,1,0.0
693,64.1,8,1,0.0
694,66.0,8,1,0.0
695,63.3,8,1,0.0
696,71.6,8,2,0.0
697,75.6,8,2,0.0
698,78.2,8,2,0.0
699,70.2,8,2,0.0
700,75.2,8,2,0.0
701,73.1,8,2,0.0
702,75.8,8,2,0.0
703,69.6,8,3,0.0
704,73.0,8,3,0.0
705,68.3,8,3,0.0
706,69.4,8,3,0.0
707,61.8,8,4,0.0
708,59.1,8,4,0.0
709,58.2,8,4,0.0
710,67.3,8,4,0.0
711,62.0,8,4,0.0
712,65.6,8,4,0.0
713,73.9,8,5,0.0
714,71.5,8,5,0.0
715,76.5,8,5,0.0
716,78.0,8,5,0.0
717,75.0,8,5,0.0
718,78.0,8,5,0.0
719,72.3,8,5,0.0
720,80.7,8,5,0.0
721,82.7,8,5,0.0
722,76.6,8,5,0.0
723,67.7,8,6,0.0
724,71.8,8,6,0.0
725,65.9,8,6,0.0
726,66.9,8,6,0.0
727,62.8,8,6,0.0
728,68.2,8,6,0.0
729,59.4,8,7,0.0
730,56.5,8,7,0.0
731,54.3,8,7,0.0
732,59.8,8,7,0.0
733,58.0,8,7,0.0
734,53.1,8,7,0.0
735,57.6,8,7,0.0
736,65.3,8,7,0.0
737,60.8,8,7,0.0
738,72.1,8,8,0.0
739,72.5,8,8,0.0
740,69.3,8,8,0.0
741,59.7,8,8,0.0
742,66.9,8,8,0.0
743,71.4,8,8,0.0
744,70.5,8,8,0.0
745,72.1,8,9,0.0
746,76.4,8,9,0.0
747,61.6,8,10,0.0
748,59.5,8,10,0.0
749,55.7,8,10,0.0
750,59.1,8,10,0.0
751,61.3,8,10,0.0
752,59.1,8,10,0.0
753,59.3,8,10,0.0
754,57.8,8,10,0.0
755,65.9,8,10,0.0
756,59.5,8,10,0.0
757,73.3,8,11,0.0
758,68.4,8,11,0.0
759,70.3,8,11,0.0
760,72.3,8,11,0.0
761,76.8,8,11,0.0
762,72.5,8,12,0.0
763,72.3,8,12,0.0
764,72.8,8,12,0.0
765,68.7,8,12,0.0
766,72.7,8,12,0.0
767,61.0,8,13,0.0
768,65.8,8,13,0.0
769,61.7,8,13,0.0
770,64.3,8,13,0.0
771,62.1,8,13,0.0
772,64.0,8,15,0.0
773,64.5,8,15,0.0
774,73.2,9,1,0.0
775,70.9,9,1,0.0
776,70.2,9,1,0.0
777,69.8,9,1,0.0
778,69.2,9,1,0.0
779,74.5,9,1,0.0
780,69.1,9,1,0.0
781,78.8,9,1,0.0
782,82.7,9,2,0.0
783,80.4,9,2,0.0
784,82.9,9,2,0.0
785,84.5,9,2,0.0
786,82.5,9,2,0.0
787,82.6,9,2,0.0
788,84.1,9,2,0.0
789,81.9,9,3,0.0
790,78.0,9,3,0.0
791,78.2,9,3,0.0
792,76.6,9,3,0.0
793,75.2,9,4,0.0
794,69.5,9,4,0.0
795,71.8,9,4,0.0
796,71.7,9,4,0.0
797,67.3,9,4,0.0
798,72.3,9,4,0.0
799,68.7,9,4,0.0
800,71.3,9,4,0.0
801,75.2,9,4,0.0
802,64.9,9,4,0.0
803,71.3,9,4,0.0
804,88.1,9,5,0.0
805,82.3,9,5,0.0
806,87.4,9,5,0.0
807,84.6,9,5,0.0
808,88.1,9,5,0.0
809,77.4,9,6,0.0
810,79.2,9,6,0.0
811,78.2,9,6,0.0
812,73.7,9,6,0.0
813,69.6,9,7,0.0
814,61.9,9,7,0.0
815,63.8,9,7,0.0
816,70.6,9,7,0.0
817,67.6,9,7,0.0
818,69.5,9,7,0.0
819,71.0,9,7,0.0
820,65.6,9,7,0.0
821,63.1,9,7,0.0
822,65.9,9,7,0.0
823,76.3,9,8,0.0
824,77.8,9,8,0.0
825,77.3,9,8,0.0
826,76.5,9,8,0.0
827,75.7,9,8,0.0
828,79.8,9,8,0.0
829,72.9,9,8,0.0
830,82.1,9,8,0.0
831,81.7,9,9,0.0
832,85.0,9,9,0.0
833,81.4,9,9,0.0
834,65.7,9,10,0.0
835,63.8,9,10,0.0
836,60.3,9,10,0.0
837,69.6,9,10,0.0
838,69.3,9,10,0.0
839,68.5,9,10,0.0
840,64.9,9,10,0.0
841,70.7,9,10,0.0
842,68.9,9,10,0.0
843,80.8,9,11,0.0
844,78.2,9,11,0.0
845,82.5,9,11,0.0
846,80.2,9,11,0.0
847,81.9,9,12,0.0
848,87.5,9,12,0.0
849,80.0,9,12,0.0
850,87.7,9,12,0.0
851,83.4,9,12,0.0
852,72.3,9,13,0.0
853,69.2,9,13,0.0
854,71.9,9,13,0.0
855,70.6,9,13,0.0
856,67.3,9,13,0.0
857,70.5,9,13,0.0
858,74.3,9,13,0.0
859,71.8,9,13,0.0
860,69.8,9,13,0.0
861,80.7,9,14,0.0
862,80.6,9,14,0.0
863,82.1,9,14,0.0
864,77.6,9,14,0.0
865,77.3,9,14,0.0
866,64.9,9,15,0.0
867,71.5,9,15,0.0
868,70.4,9,15,0.0
869,72.0,9,15,0.0
870,69.4,9,15,0.0
871,78.3,10,1,0.0
872,69.7,10,1,0.0
873,65.4,10,1,0.0
874,74.7,10,1,0.0
875,83.5,10,2,0.0
876,80.4,10,2,0.0
877,78.3,10,2,0.0
878,87.3,10,2,0.0
879,80.8,10,2,0.0
880,78.6,10,3,0.0
881,77.8,10,3,0.0
882,80.1,10,3,0.0
883,78.4,10,3,0.0
884,79.8,10,3,0.0
885,78.6,10,3,0.0
886,74.9,10,3,0.0
887,71.3,10,4,0.0
888,72.6,10,4,0.0
889,76.6,10,4,0.0
890,71.0,10,4,0.0
891,73.6,10,4,0.0
892,74.7,10,4,0.0
893,74.2,10,4,0.0
894,83.9,10,5,0.0
895,85.6,10,5,0.0
896,84.5,10,5,0.0
897,87.4,10,5,0.0
898,85.5,10,5,0.0
899,88.9,10,5,0.0
900,81.9,10,5,0.0
901,84.6,10,5,0.0
902,91.2,10,5,0.0
903,82.4,10,5,0.0
904,73.7,10,6,0.0
905,73.7,10,6,0.0
906,78.8,10,6,0.0
907,77.5,10,6,0.0
908,81.2,10,6,0.0
909,69.1,10,7,0.0
910,72.4,10,7,0.0
911,70.2,10,7,0.0
912,67.2,10,7,0.0
913,62.3,10,7,0.0
914,63.5,10,7,0.0
915,63.6,10,7,0.0
916,62.6,10,7,0.0
917,70.8,10,8,0.0
918,78.9,10,8,0.0
919,77.1,10,8,0.0
920,78.6,10,8,0.0
921,74.0,10,8,0.0
922,82.4,10,8,0.0
923,76.7,10,8,0.0
924,82.2,10,8,0.0
925,86.0,10,8,0.0
926,77.3,10,9,0.0
927,83.8,10,9,0.0
928,81.3,10,9,0.0
929,85.1,10,9,0.0
930,70.5,10,10,0.0
931,63.8,10,10,0.0
932,70.2,10,10,0.0
933,60.8,10,10,0.0
934,64.1,10,10,0.0
935,69.0,10,10,0.0
936,62.9,10,10,0.0
937,69.4,10,10,0.0
938,67.8,10,10,0.0
939,64.8,10,10,0.0
940,78.9,10,11,0.0
941,78.9,10,11,0.0
942,75.3,10,11,0.0
943,82.1,10,11,0.0
944,79.7,10,11,0.0
945,82.5,10,11,0.0
946,81.0,10,12,0.0
947,81.8,10,12,0.0
948,82.5,10,12,0.0
949,80.2,10,12,0.0
950,78.2,10,12,0.0
951,65.5,10,13,0.0
952,71.6,10,13,0.0
953,73.3,10,13,0.0
954,71.0,10,13,0.0
955,71.3,10,13,0.0
956,73.5,10,13,0.0
957,73.3,10,13,0.0
958,67.6,10,13,0.0
959,73.2,10,14,0.0
960,84.8,10,14,0.0
961,82.7,10,14,0.0
962,80.8,10,14,0.0
963,82.9,10,14,0.0
964,69.4,10,15,0.0
965,70.4,10,15,0.0
966,69.2,10,15,0.0
967,73.2,10,15,0.0
968,68.7,10,15,0.0
969,71.5,10,15,0.0
970,70.1,10,15,0.0
971,71.2,10,15,0.0
972,74.2,10,15,0.0
973,76.5,10,15,0.0
974,66.3,11,1,0.0
975,73.3,11,1,0.0
976,74.9,11,1,0.0
977,72.8,11,1,0.0
978,76.3,11,1,0.0
979,74.8,11,1,0.0
980,78.1,11,1,0.0
981,73.2,11,1,0.0
982,77.0,11,2,0.0
983,81.4,11,2,0.0
984,84.6,11,2,0.0
985,83.7,11,2,0.0
986,79.4,11,3,0.0
987,79.0,11,3,0.0
988,81.3,11,3,0.0
989,78.1,11,3,0.0
990,74.3,11,3,0.0
991,69.7,11,4,0.0
992,67.5,11,4,0.0
993,69.2,11,4,0.0
994,74.4,11,4,0.0
995,69.1,11,4,0.0
996,71.0,11,4,0.0
997,69.7,11,4,0.0
998,86.9,11,5,0.0
999,88.3,11,5,0.0
1000,84.5,11,5,0.0
1001,85.1,11,5,0.0
1002,92.5,11,5,0.0
1003,81.9,11,6,0.0
1004,76.4,11,6,0.0
1005,80.4,11,6,0.0
1006,74.4,11,6,0.0
1007,78.4,11,6,0.0
1008,77.7,11,6,0.0
1009,76.7,11,6,0.0
1010,80.7,11,6,0.0
1011,77.4,11,6,0.0
1012,74.5,11,6,0.0
1013,77.0,11,6,0.0
1014,81.0,11,6,0.0
1015,67.4,11,7,0.0
1016,69.1,11,7,0.0
1017,67.8,11,7,0.0
1018,65.0,11,7,0.0
1019,65.7,11,7,0.0
1020,67.3,11,7,0.0
1021,65.2,11,7,0.0
1022,70.9,11,7,0.0
1023,74.6,11,8,0.0
1024,78.1,11,8,0.0
1025,83.4,11,8,0.0
1026,86.0,11,9,0.0
1027,82.8,11,9,0.0
1028,86.3,11,9,0.0
1029,75.7,11,9,0.0
1030,79.8,11,9,0.0
1031,83.7,11,9,0.0
1032,69.0,11,10,0.0
1033,72.7,11,10,0.0
1034,68.1,11,10,0.0
1035,64.1,11,10,0.0
1036,68.0,11,10,0.0
1037,71.1,11,10,0.0
1038,64.0,11,10,0.0
1039,70.2,11,10,0.0
1040,67.8,11,10,0.0
1041,65.6,11,10,0.0
1042,66.8,11,10,0.0
1043,69.4,11,10,0.0
1044,80.4,11,11,0.0
1045,82.0,11,11,0.0
1046,77.6,11,11,0.0
1047,77.9,11,11,0.0
1048,79.6,11,11,0.0
1049,75.4,11,11,0.0
1050,80.8,11,11,0.0
1051,81.0,11,11,0.0
1052,80.2,11,11,0.0
1053,76.6,11,11,0.0
1054,81.6,11,11,0.0
1055,78.1,11,11,0.0
1056,82.6,11,11,0.0
1057,81.2,11,11,0.0
1058,84.7,11,12,0.0
1059,77.7,11,12,0.0
1060,83.0,11,12,0.0
1061,80.6,11,12,0.0
1062,80.9,11,12,0.0
1063,70.1,11,13,0.0
1064,77.5,11,13,0.0
1065,79.6,11,14,0.0
1066,83.1,11,14,0.0
1067,78.5,11,14,0.0
1068,79.5,11,14,0.0
1069,78.3,11,14,0.0
1070,81.2,11,14,0.0
1071,81.2,11,14,0.0
1072,68.6,11,15,0.0
1073,75.0,11,15,0.0
1074,74.3,11,15,0.0
1075,72.8,11,15,0.0
1076,69.3,11,15,0.0
1077,69.0,11,15,0.0
1078,72.5,11,15,0.0
1079,64.9,12,1,0.0
1080,68.9,12,1,0.0
1081,50.3,12,1,0.0
1082,61.3,12,1,0.0
1083,62.3,12,1,0.0
1084,63.2,12,1,0.0
1085,77.8,12,2,0.0
1086,69.5,12,2,0.0
1087,74.7,12,2,0.0
1088,74.8,12,2,0.0
1089,78.8,12,2,0.0
1090,67.7,12,2,0.0
1091,65.8,12,2,0.0
1092,69.5,12,2,0.0
1093,69.6,12,2,0.0
1094,68.5,12,3,0.0
1095,72.3,12,3,0.0
1096,75.8,12,3,0.0
1097,65.9,12,3,0.0
1098,70.2,12,3,0.0
1099,69.6,12,4,0.0
1100,58.1,12,4,0.0
1101,59.4,12,4,0.0
1102,63.8,12,4,0.0
1103,65.1,12,4,0.0
1104,61.8,12,4,0.0
1105,60.1,12,4,0.0
1106,62.3,12,4,0.0
1107,77.4,12,5,0.0
1108,76.1,12,5,0.0
1109,79.6,12,5,0.0
1110,64.4,12,6,0.0
1111,65.2,12,6,0.0
1112,74.2,12,6,0.0
1113,71.1,12,6,0.0
1114,69.4,12,6,0.0
1115,58.1,12,7,0.0
1116,60.5,12,7,0.0
1117,63.1,12,7,0.0
1118,57.8,12,7,0.0
1119,59.5,12,7,0.0
1120,60.7,12,7,0.0
1121,54.7,12,7,0.0
1122,61.6,12,7,0.0
1123,66.7,12,8,0.0
1124,73.4,12,8,0.0
1125,64.2,12,8,0.0
1126,77.2,12,8,0.0
1127,73.3,12,8,0.0
1128,74.3,12,8,0.0
1129,74.2,12,8,0.0
1130,70.0,12,8,0.0
1131,74.5,12,8,0.0
1132,72.9,12,8,0.0
1133,71.7,12,8,0.0
1134,70.7,12,8,0.0
1135,76.3,12,9,0.0
1136,74.1,12,9,0.0
1137,75.8,12,9,0.0
1138,78.7,12,9,0.0
1139,59.2,12,10,0.0
1140,62.0,12,10,0.0
1141,60.7,12,10,0.0
1142,58.0,12,10,0.0
1143,65.1,12,10,0.0
1144,57.2,12,10,0.0
1145,63.6,12,10,0.0
1146,58.5,12,10,0.0
1147,54.6,12,10,0.0
1148,58.6,12,10,0.0
1149,58.4,12,10,0.0
1150,56.9,12,10,0.0
1151,59.2,12,10,0.0
1152,68.3,12,11,0.0
1153,73.2,12,11,0.0
1154,67.6,12,11,0.0
1155,72.1,12,11,0.0
1156,65.5,12,11,0.0
1157,66.8,12,11,0.0
1158,66.3,12,11,0.0
1159,70.3,12,11,0.0
1160,71.9,12,11,0.0
1161,75.0,12,11,0.0
1162,78.8,12,11,0.0
1163,75.7,12,12,0.0
1164,74.5,12,12,0.0
1165,77.2,12,12,0.0
1166,74.7,12,12,0.0
1167,67.2,12,12,0.0
1168,74.3,12,12,0.0
1169,77.5,12,12,0.0
1170,74.0,12,12,0.0
1171,57.0,12,13,0.0
1172,65.7,12,13,0.0
1173,64.8,12,13,0.0
1174,63.2,12,13,0.0
1175,73.8,12,14,0.0
1176,73.7,12,14,0.0
1177,72.3,12,14,0.0
1178,70.0,12,14,0.0
1179,73.7,12,14,0.0
1180,71.5,12,14,0.0
1181,67.2,12,14,0.0
1182,60.8,12,15,0.0
1183,70.6,12,15,0.0
1184,63.2,12,15,0.0
1185,63.0,12,15,0.0
1186,69.2,12,15,0.0
1187,65.3,12,15,0.0
1188,61.8,12,15,0.0
1189,59.0,12,15,0.0
1190,66.8,13,1,0.0
1191,71.2,13,1,0.0
1192,70.6,13,1,0.0
1193,68.9,13,1,0.0
1194,78.9,13,1,0.0
1195,70.5,13,1,0.0
1196,62.0,13,1,0.0
1197,67.6,13,1,0.0
1198,71.8,13,1,0.0
1199,68.5,13,1,0.0
1200,76.4,13,2,0.0
1201,80.4,13,2,0.0
1202,81.9,13,2,0.0
1203,82.7,13,2,0.0
1204,76.2,13,2,0.0
1205,83.6,13,2,0.0
1206,79.4,13,3,0.0
1207,77.9,13,3,0.0
1208,75.9,13,3,0.0
1209,77.7,13,3,0.0
1210,76.7,13,3,0.0
1211,78.7,13,3,0.0
1212,76.5,13,3,0.0
1213,80.5,13,3,0.0
1214,72.3,13,3,0.0
1215,71.8,13,3,0.0
1216,76.5,13,3,0.0
1217,73.7,13,3,0.0
1218,75.5,13,3,0.0
1219,67.8,13,4,0.0
1220,62.0,13,4,0.0
1221,64.0,13,4,0.0
1222,68.2,13,4,0.0
1223,69.5,13,4,0.0
1224,67.0,13,4,0.0
1225,62.6,13,4,0.0
1226,87.6,13,5,0.0
1227,80.9,13,5,0.0
1228,84.1,13,5,0.0
1229,84.2,13,5,0.0
1230,83.7,13,5,0.0
1231,77.3,13,5,0.0
1232,78.8,13,5,0.0
1233,84.5,13,5,0.0
1234,80.0,13,5,0.0
1235,78.1,13,6,0.0
1236,79.3,13,6,0.0
1237,70.9,13,6,0.0
1238,77.0,13,6,0.0
1239,75.9,13,6,0.0
1240,81.1,13,6,0.0
1241,62.9,13,7,0.0
1242,64.0,13,7,0.0
1243,63.6,13,7,0.0
1244,63.9,13,7,0.0
1245,65.2,13,7,0.0
1246,67.6,13,7,0.0
1247,61.9,13,7,0.0
1248,76.3,13,8,0.0
1249,79.7,13,8,0.0
1250,72.5,13,8,0.0
1251,72.3,13,8,0.0
1252,78.5,13,8,0.0
1253,79.9,13,8,0.0
1254,69.3,13,8,0.0
1255,72.2,13,8,0.0
1256,74.7,13,8,0.0
1257,79.0,13,9,0.0
1258,79.9,13,9,0.0
1259,86.9,13,9,0.0
1260,82.3,13,9,0.0
1261,82.0,13,9,0.0
1262,73.6,13,9,0.0
1263,74.2,13,9,0.0
1264,81.6,13,9,0.0
1265,73.4,13,9,0.0
1266,78.3,13,9,0.0
1267,81.0,13,9,0.0
1268,65.5,13,10,0.0
1269,68.1,13,10,0.0
1270,61.1,13,10,0.0
1271,65.0,13,10,0.0
1272,59.8,13,10,0.0
1273,61.9,13,10,0.0
1274,62.4,13,10,0.0
1275,64.4,13,10,0.0
1276,67.0,13,10,0.0
1277,62.9,13,10,0.0
1278,79.1,13,11,0.0
1279,79.6,13,11,0.0
1280,79.4,13,11,0.0
1281,78.7,13,11,0.0
1282,76.1,13,11,0.0
1283,73.8,13,11,0.0
1284,73.3,13,11,0.0
1285,77.1,13,12,0.0
1286,66.8,13,13,0.0
1287,71.0,13,13,0.0
1288,65.6,13,13,0.0
1289,70.9,13,13,0.0
1290,65.9,13,13,0.0
1291,74.8,13,13,0.0
1292,66.5,13,13,0.0
1293,71.5,13,13,0.0
1294,69.0,13,13,0.0
1295,72.8,13,13,0.0
1296,68.1,13,14,0.0
1297,71.3,13,14,0.0
1298,76.4,13,14,0.0
1299,77.7,13,14,0.0
1300,78.2,13,14,0.0
1301,75.6,13,14,0.0
1302,73.2,13,14,0.0
1303,80.2,13,14,0.0
1304,73.1,13,15,0.0
1305,70.7,13,15,0.0
1306,63.8,13,15,0.0
1307,67.3,14,1,0.0
1308,64.5,14,1,0.0
1309,65.4,14,1,0.0
1310,65.5,14,1,0.0
1311,70.6,14,2,0.0
1312,71.5,14,2,0.0
1313,75.1,14,2,0.0
1314,75.0,14,3,0.0
1315,72.5,14,3,0.0
1316,71.8,14,3,0.0
1317,73.2,14,3,0.0
1318,73.5,14,3,0.0
1319,75.4,14,3,0.0
1320,69.3,14,3,0.0
1321,67.5,14,3,0.0
1322,64.2,14,4,0.0
1323,66.4,14,4,0.0
1324,63.5,14,4,0.0
1325,58.9,14,4,0.0
1326,60.9,14,4,0.0
1327,63.3,14,4,0.0
1328,60.7,14,4,0.0
1329,72.3,14,4,0.0
1330,60.3,14,4,0.0
1331,66.1,14,4,0.0
1332,82.9,14,5,0.0
1333,65.4,14,6,0.0
1334,68.3,14,6,0.0
1335,72.8,14,6,0.0
1336,73.1,14,6,0.0
1337,71.5,14,6,0.0
1338,71.2,14,6,0.0
1339,72.1,14,6,0.0
1340,68.9,14,6,0.0
1341,76.0,14,6,0.0
1342,72.1,14,6,0.0
1343,70.5,14,6,0.0
1344,56.8,14,7,0.0
1345,60.8,14,7,0.0
1346,61.3,14,7,0.0
1347,74.1,14,8,0.0
1348,72.9,14,8,0.0
1349,62.1,14,8,0.0
1350,69.7,14,8,0.0
1351,71.0,14,8,0.0
1352,74.6,14,9,0.0
1353,74.3,14,9,0.0
1354,65.1,14,10,0.0
1355,61.5,14,10,0.0
1356,65.9,14,10,0.0
1357,57.7,14,10,0.0
1358,59.4,14,10,0.0
1359,59.7,14,10,0.0
1360,59.6,14,10,0.0
1361,57.7,14,10,0.0
1362,62.9,14,10,0.0
1363,61.1,14,10,0.0
1364,72.3,14,11,0.0
1365,73.2,14,11,0.0
1366,70.6,14,11,0.0
1367,74.1,14,11,0.0
1368,71.9,14,11,0.0
1369,70.4,14,11,0.0
1370,70.1,14,11,0.0
1371,70.0,14,11,0.0
1372,77.2,14,12,0.0
1373,86.0,14,12,0.0
1374,73.0,14,12,0.0
1375,74.0,14,12,0.0
1376,81.5,14,12,0.0
1377,76.6,14,12,0.0
1378,76.3,14,12,0.0
1379,78.7,14,12,0.0
1380,69.6,14,13,0.0
1381,62.6,14,13,0.0
1382,70.5,14,13,0.0
1383,62.1,14,13,0.0
1384,75.0,14,14,0.0
1385,76.5,14,14,0.0
1386,72.7,14,14,0.0
1387,75.5,14,14,0.0
1388,74.9,14,14,0.0
1389,74.1,14,14,0.0
1390,69.9,14,14,0.0
1391,63.8,14,15,0.0
1392,64.3,14,15,0.0
1393,63.1,14,15,0.0
1394,62.0,14,15,0.0
1395,66.2,14,15,0.0
1396,61.8,14,15,0.0
1397,56.0,14,15,0.0
1398,60.4,14,15,0.0
1399,62.4,15,1,0.0
1400,69.4,15,1,0.0
1401,60.1,15,1,0.0
1402,63.7,15,1,0.0
1403,64.8,15,1,0.0
1404,64.7,15,1,0.0
1405,63.0,15,1,0.0
1406,68.3,15,1,0.0
1407,68.4,15,1,0.0
1408,63.6,15,1,0.0
1409,66.9,15,1,0.0
1410,69.0,15,1,0.0
1411,75.2,15,2,0.0
1412,76.5,15,2,0.0
1413,78.0,15,2,0.0
1414,72.2,15,2,0.0
1415,78.3,15,2,0.0
1416,72.1,15,2,0.0
1417,78.6,15,2,0.0
1418,76.0,15,2,0.0
1419,71.8,15,3,0.0
1420,71.4,15,3,0.0
1421,70.9,15,4,0.0
1422,65.5,15,4,0.0
1423,67.7,15,4,0.0
1424,56.6,15,4,0.0
1425,63.3,15,4,0.0
1426,77.2,15,5,0.0
1427,83.2,15,5,0.0
1428,72.8,15,5,0.0
1429,78.9,15,5,0.0
1430,74.6,15,5,0.0
1431,74.3,15,5,0.0
1432,75.5,15,5,0.0
1433,69.1,15,6,0.0
1434,71.9,15,6,0.0
1435,70.1,15,6,0.0
1436,69.6,15,6,0.0
1437,70.2,15,6,0.0
1438,65.9,15,6,0.0
1439,73.0,15,6,0.0
1440,71.6,15,6,0.0
1441,69.8,15,6,0.0
1442,61.8,15,7,0.0
1443,58.9,15,7,0.0
1444,64.0,15,7,0.0
1445,60.4,15,7,0.0
1446,60.3,15,7,0.0
1447,58.0,15,7,0.0
1448,61.0,15,7,0.0
1449,62.1,15,7,0.0
1450,64.3,15,8,0.0
1451,69.0,15,8,0.0
1452,63.4,15,8,0.0
1453,71.8,15,8,0.0
1454,67.9,15,9,0.0
1455,72.2,15,9,0.0
1456,82.0,15,9,0.0
1457,80.1,15,9,0.0
1458,72.9,15,9,0.0
1459,72.0,15,9,0.0
1460,71.4,15,9,0.0
1461,58.6,15,10,0.0
1462,59.5,15,10,0.0
1463,65.2,15,10,0.0
1464,59.2,15,10,0.0
1465,60.3,15,10,0.0
1466,57.0,15,10,0.0
1467,62.2,15,10,0.0
1468,56.1,15,10,0.0
1469,74.9,15,11,0.0
1470,79.0,15,11,0.0
1471,78.4,15,11,0.0
1472,74.2,15,11,0.0
1473,74.3,15,11,0.0
1474,78.5,15,11,0.0
1475,78.3,15,11,0.0
1476,73.5,15,11,0.0
1477,74.1,15,11,0.0
1478,79.1,15,11,0.0
1479,72.4,15,11,0.0
1480,72.8,15,11,0.0
1481,72.8,15,11,0.0
1482,72.8,15,11,0.0
1483,75.8,15,12,0.0
1484,75.5,15,12,0.0
1485,76.0,15,12,0.0
1486,70.7,15,12,0.0
1487,74.2,15,12,0.0
1488,73.2,15,12,0.0
1489,76.7,15,12,0.0
1490,66.6,15,13,0.0
1491,66.7,15,13,0.0
1492,58.9,15,13,0.0
1493,60.1,15,13,0.0
1494,58.9,15,13,0.0
1495,61.9,15,13,0.0
1496,61.2,15,13,0.0
1497,66.5,15,13,0.0
1498,66.8,15,13,0.0
1499,70.5,15,14,0.0
1500,72.9,15,14,0.0
1501,77.4,15,14,0.0
1502,74.9,15,14,0.0
1503,75.5,15,14,0.0
1504,65.8,15,14,0.0
1505,72.7,15,14,0.0
1506,71.6,15,14,0.0
1507,71.9,15,14,0.0
1508,71.3,15,14,0.0
1509,76.2,15,14,0.0
1510,64.8,15,15,0.0
1511,65.2,15,15,0.0
1512,66.7,15,15,0.0
1513,61.9,15,15,0.0
1514,60.7,16,1,0.0
1515,68.1,16,1,0.0
1516,58.4,16,1,0.0
1517,66.6,16,1,0.0
1518,63.1,16,1,0.0
1519,71.9,16,2,0.0
1520,73.0,16,2,0.0
1521,75.1,16,2,0.0
1522,74.8,16,2,0.0
1523,74.8,16,2,0.0
1524,70.8,16,2,0.0
1525,71.8,16,2,0.0
1526,73.2,16,2,0.0
1527,74.2,16,3,0.0
1528,70.3,16,3,0.0
1529,70.4,16,3,0.0
1530,71.3,16,3,0.0
1531,57.1,16,4,0.0
1532,61.2,16,4,0.0
1533,60.4,16,4,0.0
1534,56.5,16,4,0.0
1535,59.4,16,4,0.0
1536,60.9,16,4,0.0
1537,80.7,16,5,0.0
1538,81.8,16,5,0.0
1539,85.9,16,5,0.0
1540,76.8,16,5,0.0
1541,76.8,16,5,0.0
1542,75.4,16,5,0.0
1543,79.5,16,5,0.0
1544,84.7,16,5,0.0
1545,67.3,16,6,0.0
1546,72.1,16,6,0.0
1547,71.5,16,6,0.0
1548,74.3,16,6,0.0
1549,72.2,16,6,0.0
1550,75.3,16,6,0.0
1551,65.9,16,6,0.0
1552,67.3,16,6,0.0
1553,57.5,16,7,0.0
1554,63.0,16,7,0.0
1555,53.2,16,7,0.0
1556,60.3,16,7,0.0
1557,60.4,16,7,0.0
1558,62.1,16,7,0.0
1559,54.2,16,7,0.0
1560,64.3,16,8,0.0
1561,73.4,16,9,0.0
1562,71.0,16,9,0.0
1563,72.8,16,9,0.0
1564,60.0,16,10,0.0
1565,58.2,16,10,0.0
1566,62.3,16,10,0.0
1567,59.6,16,10,0.0
1568,60.6,16,10,0.0
1569,59.6,16,10,0.0
1570,54.6,16,10,0.0
1571,75.1,16,11,0.0
1572,72.7,16,11,0.0
1573,74.9,16,11,0.0
1574,73.3,16,11,0.0
1575,72.5,16,11,0.0
1576,73.0,16,11,0.0
1577,74.5,16,11,0.0
1578,76.0,16,11,0.0
1579,73.8,16,12,0.0
1580,70.9,16,12,0.0
1581,68.9,16,12,0.0
1582,78.8,16,12,0.0
1583,75.4,16,12,0.0
1584,72.4,16,12,0.0
1585,73.0,16,12,0.0
1586,69.0,16,13,0.0
1587,66.1,16,13,0.0
1588,59.6,16,13,0.0
1589,65.6,16,13,0.0
1590,65.0,16,13,0.0
1591,63.6,16,13,0.0
1592,72.1,16,13,0.0
1593,72.0,16,14,0.0
1594,64.7,16,14,0.0
1595,74.0,16,14,0.0
1596,59.7,16,15,0.0
1597,60.6,16,15,0.0
1598,59.0,16,15,0.0
1599,64.3,16,15,0.0
1600,61.4,16,15,0.0
1601,61.3,16,15,0.0
1602,61.4,16,15,0.0
1603,62.4,17,1,0.0
1604,62.1,17,1,0.0
1605,62.8,17,1,0.0
1606,59.7,17,1,0.0
1607,65.4,17,1,0.0
1608,60.5,17,1,0.0
1609,61.5,17,1,0.0
1610,61.8,17,1,0.0
1611,65.8,17,1,0.0
1612,65.6,17,1,0.0
1613,62.1,17,1,0.0
1614,63.2,17,1,0.0
1615,66.3,17,2,0.0
1616,68.7,17,2,0.0
1617,71.9,17,2,0.0
1618,69.9,17,2,0.0
1619,63.3,17,3,0.0
1620,69.5,17,3,0.0
1621,69.3,17,3,0.0
1622,64.5,17,3,0.0
1623,64.2,17,3,0.0
1624,66.4,17,3,0.0
1625,67.3,17,3,0.0
1626,71.3,17,3,0.0
1627,65.1,17,3,0.0
1628,56.4,17,4,0.0
1629,61.9,17,4,0.0
1630,56.8,17,4,0.0
1631,58.4,17,4,0.0
1632,58.3,17,4,0.0
1633,62.3,17,4,0.0
1634,56.5,17,4,0.0
1635,73.0,17,5,0.0
1636,72.9,17,5,0.0
1637,75.8,17,5,0.0
1638,74.2,17,5,0.0
1639,73.8,17,5,0.0
1640,73.5,17,5,0.0
1641,72.7,17,5,0.0
1642,73.3,17,5,0.0
1643,78.2,17,5,0.0
1644,73.2,17,5,0.0
1645,72.6,17,5,0.0
1646,74.7,17,5,0.0
1647,63.9,17,6,0.0
1648,64.0,17,6,0.0
1649,55.8,17,7,0.0
1650,55.7,17,7,0.0
1651,59.2,17,7,0.0
1652,55.5,17,7,0.0
1653,52.6,17,7,0.0
1654,64.2,17,8,0.0
1655,69.6,17,8,0.0
1656,64.3,17,8,0.0
1657,68.5,17,8,0.0
1658,71.4,17,8,0.0
1659,68.8,17,8,0.0
1660,68.3,17,9,0.0
1661,71.6,17,9,0.0
1662,70.4,17,9,0.0
1663,72.1,17,9,0.0
1664,70.6,17,9,0.0
1665,69.9,17,9,0.0
1666,54.9,17,10,0.0
1667,52.3,17,10,0.0
1668,56.4,17,10,0.0
1669,54.7,17,10,0.0
1670,54.6,17,10,0.0
1671,54.2,17,10,0.0
1672,55.8,17,10,0.0
1673,53.5,17,10,0.0
1674,54.1,17,10,0.0
1675,72.1,17,11,0.0
1676,73.4,17,11,0.0
1677,66.7,17,11,0.0
1678,64.2,17,11,0.0
1679,66.4,17,11,0.0
1680,66.6,17,11,0.0
1681,73.2,17,12,0.0
1682,72.8,17,12,0.0
1683,70.7,17,12,0.0
1684,71.4,17,12,0.0
1685,72.0,17,12,0.0
1686,69.3,17,12,0.0
1687,68.9,17,12,0.0
1688,68.8,17,12,0.0
1689,69.0,17,12,0.0
1690,62.5,17,13,0.0
1691,62.6,17,13,0.0
1692,60.0,17,13,0.0
1693,59.5,17,13,0.0
1694,70.1,17,14,0.0
1695,68.6,17,14,0.0
1696,66.2,17,14,0.0
1697,65.8,17,14,0.0
1698,67.5,17,14,0.0
1699,63.1,17,14,0.0
1700,71.9,17,14,0.0
1701,71.4,17,14,0.0
1702,71.4,17,14,0.0
1703,71.3,17,14,0.0
1704,65.0,17,14,0.0
1705,58.6,17,15,0.0
1706,61.8,17,15,0.0
1707,57.8,17,15,0.0
1708,57.4,17,15,0.0
1709,57.5,17,15,0.0
1710,68.0,17,15,0.0
1711,59.0,17,15,0.0
1712,59.8,17,15,0.0
1713,75.5,18,1,0.0
1714,80.8,18,1,0.0
1715,74.3,18,1,0.0
1716,77.9,18,1,0.0
1717,78.1,18,1,0.0
1718,77.4,18,1,0.0
1719,76.7,18,1,0.0
1720,86.4,18,2,0.0
1721,85.1,18,2,0.0
1722,88.7,18,2,0.0
1723,82.5,18,2,0.0
1724,81.6,18,2,0.0
1725,83.0,18,2,0.0
1726,88.8,18,2,0.0
1727,89.0,18,2,0.0
1728,92.4,18,2,0.0
1729,87.2,18,2,0.0
1730,82.1,18,3,0.0
1731,84.9,18,3,0.0
1732,86.8,18,3,0.0
1733,88.7,18,3,0.0
1734,84.8,18,3,0.0
1735,84.2,18,3,0.0
1736,79.4,18,3,0.0
1737,82.2,18,3,0.0
1738,86.4,18,3,0.0
1739,70.2,18,4,0.0
1740,78.2,18,4,0.0
1741,87.8,18,5,0.0
1742,92.9,18,5,0.0
1743,89.5,18,5,0.0
1744,88.9,18,5,0.0
1745,85.7,18,5,0.0
1746,87.7,18,5,0.0
1747,89.9,18,5,0.0
1748,96.7,18,5,0.0
1749,92.7,18,5,0.0
1750,93.0,18,5,0.0
1751,82.4,18,6,0.0
1752,81.8,18,6,0.0
1753,78.7,18,6,0.0
1754,81.3,18,6,0.0
1755,67.2,18,7,0.0
1756,76.5,18,7,0.0
1757,65.4,18,7,0.0
1758,74.1,18,7,0.0
1759,66.9,18,7,0.0
1760,68.8,18,7,0.0
1761,67.6,18,7,0.0
1762,77.7,18,7,0.0
1763,71.1,18,7,0.0
1764,69.7,18,7,0.0
1765,69.4,18,7,0.0
1766,76.9,18,8,0.0
1767,84.3,18,8,0.0
1768,81.5,18,8,0.0
1769,87.5,18,8,0.0
1770,83.5,18,8,0.0
1771,88.7,18,8,0.0
1772,82.3,18,8,0.0
1773,81.6,18,8,0.0
1774,82.1,18,8,0.0
1775,82.3,18,8,0.0
1776,83.6,18,9,0.0
1777,92.2,18,9,0.0
1778,93.8,18,9,0.0
1779,87.5,18,9,0.0
1780,70.4,18,10,0.0
1781,71.4,18,10,0.0
1782,72.1,18,10,0.0
1783,70.2,18,10,0.0
1784,69.3,18,10,0.0
1785,73.9,18,10,0.0
1786,68.7,18,10,0.0
1787,67.0,18,10,0.0
1788,74.5,18,10,0.0
1789,83.9,18,11,0.0
1790,85.9,18,11,0.0
1791,85.8,18,11,0.0
1792,86.0,18,11,0.0
1793,85.6,18,11,0.0
1794,86.9,18,11,0.0
1795,87.3,18,11,0.0
1796,90.8,18,12,0.0
1797,91.0,18,12,0.0
1798,89.4,18,12,0.0
1799,86.3,18,12,0.0
1800,91.0,18,12,0.0
1801,88.1,18,12,0.0
1802,90.0,18,12,0.0
1803,76.2,18,13,0.0
1804,80.0,18,13,0.0
1805,75.2,18,13,0.0
1806,71.2,18,13,0.0
1807,76.3,18,13,0.0
1808,74.5,18,13,0.0
1809,78.2,18,13,0.0
1810,82.0,18,14,0.0
1811,84.0,18,14,0.0
1812,82.7,18,14,0.0
1813,87.9,18,14,0.0
1814,82.3,18,15,0.0
1815,74.1,18,15,0.0
1816,74.8,18,15,0.0
1817,70.6,18,15,0.0
1818,76.0,18,15,0.0
1819,64.0,19,1,0.0
1820,76.9,19,1,0.0
1821,69.4,19,1,0.0
1822,73.7,19,1,0.0
1823,65.6,19,1,0.0
1824,66.3,19,1,0.0
1825,65.8,19,1,0.0
1826,83.3,19,2,0.0
1827,74.8,19,2,0.0
1828,74.5,19,2,0.0
1829,77.3,19,2,0.0
1830,78.1,19,2,0.0
1831,79.5,19,2,0.0
1832,75.1,19,2,0.0
1833,71.6,19,3,0.0
1834,71.1,19,3,0.0
1835,76.3,19,3,0.0
1836,69.1,19,3,0.0
1837,74.1,19,3,0.0
1838,79.9,19,3,0.0
1839,78.0,19,3,0.0
1840,74.1,19,3,0.0
1841,66.1,19,4,0.0
1842,81.7,19,5,0.0
1843,82.2,19,5,0.0
1844,78.0,19,5,0.0
1845,81.5,19,5,0.0
1846,79.7,19,5,0.0
1847,82.8,19,5,0.0
1848,82.8,19,5,0.0
1849,80.3,19,5,0.0
1850,73.9,19,6,0.0
1851,72.5,19,6,0.0
1852,71.0,19,6,0.0
1853,77.7,19,6,0.0
1854,75.1,19,6,0.0
1855,77.0,19,6,0.0
1856,72.7,19,6,0.0
1857,62.8,19,7,0.0
1858,67.2,19,7,0.0
1859,65.1,19,7,0.0
1860,60.6,19,7,0.0
1861,64.7,19,7,0.0
1862,66.3,19,7,0.0
1863,68.2,19,8,0.0
1864,73.9,19,8,0.0
1865,73.9,19,8,0.0
1866,74.8,19,8,0.0
1867,74.4,19,8,0.0
1868,73.6,19,8,0.0
1869,80.0,19,8,0.0
1870,74.1,19,9,0.0
1871,85.8,19,9,0.0
1872,79.3,19,9,0.0
1873,83.0,19,9,0.0
1874,74.0,19,9,0.0
1875,75.5,19,9,0.0
1876,67.7,19,10,0.0
1877,66.7,19,10,0.0
1878,64.1,19,10,0.0
1879,67.7,19,10,0.0
1880,66.9,19,10,0.0
1881,73.9,19,11,0.0
1882,75.1,19,11,0.0
1883,78.5,19,11,0.0
1884,75.0,19,11,0.0
1885,78.0,19,11,0.0
1886,81.4,19,12,0.0
1887,83.0,19,12,0.0
1888,82.5,19,12,0.0
1889,80.8,19,12,0.0
1890,79.4,19,12,0.0
1891,81.2,19,12,0.0
1892,73.6,19,12,0.0
1893,85.8,19,12,0.0
1894,78.0,19,12,0.0
1895,78.2,19,12,0.0
1896,75.7,19,13,0.0
1897,69.5,19,13,0.0
1898,72.0,19,13,0.0
1899,74.2,19,13,0.0
1900,66.1,19,13,0.0
1901,80.2,19,14,0.0
1902,76.6,19,14,0.0
1903,74.2,19,14,0.0
1904,75.1,19,14,0.0
1905,75.6,19,14,0.0
1906,75.4,19,14,0.0
1907,71.0,19,15,0.0
1908,65.8,19,15,0.0
1909,68.0,19,15,0.0
1910,63.8,19,15,0.0
1911,70.1,19,15,0.0
1912,63.4,19,15,0.0
1913,65.4,20,1,0.0
1914,73.2,20,1,0.0
1915,61.3,20,1,0.0
1916,70.5,20,1,0.0
1917,66.1,20,1,0.0
1918,71.9,20,1,0.0
1919,69.0,20,1,0.0
1920,74.5,20,2,0.0
1921,75.0,20,2,0.0
1922,80.6,20,2,0.0
1923,81.5,20,2,0.0
1924,75.2,20,2,0.0
1925,83.0,20,2,0.0
1926,77.1,20,2,0.0
1927,74.0,20,3,0.0
1928,71.8,20,3,0.0
1929,75.2,20,3,0.0
1930,75.4,20,3,0.0
1931,74.7,20,3,0.0
1932,75.0,20,3,0.0
1933,73.7,20,3,0.0
1934,74.5,20,3,0.0
1935,71.0,20,3,0.0
1936,66.1,20,4,0.0
1937,65.5,20,4,0.0
1938,70.5,20,4,0.0
1939,72.9,20,4,0.0
1940,65.2,20,4,0.0
1941,65.3,20,4,0.0
1942,78.4,20,5,0.0
1943,79.2,20,5,0.0
1944,75.2,20,5,0.0
1945,84.8,20,5,0.0
1946,84.3,20,5,0.0
1947,84.1,20,5,0.0
1948,69.0,20,6,0.0
1949,76.3,20,6,0.0
1950,76.2,20,6,0.0
1951,69.0,20,6,0.0
1952,73.4,20,6,0.0
1953,77.0,20,6,0.0
1954,67.8,20,7,0.0
1955,58.7,20,7,0.0
1956,60.0,20,7,0.0
1957,62.2,20,7,0.0
1958,64.4,20,7,0.0
1959,62.0,20,7,0.0
1960,63.3,20,7,0.0
1961,59.4,20,7,0.0
1962,73.0,20,8,0.0
1963,73.0,20,8,0.0
1964,70.5,20,8,0.0
1965,78.4,20,8,0.0
1966,78.9,20,8,0.0
1967,77.1,20,8,0.0
1968,72.5,20,8,0.0
1969,73.9,20,8,0.0
1970,77.6,20,9,0.0
1971,75.5,20,9,0.0
1972,77.8,20,9,0.0
1973,77.2,20,9,0.0
1974,75.3,20,9,0.0
1975,73.9,20,9,0.0
1976,61.0,20,10,0.0
1977,62.6,20,10,0.0
1978,61.6,20,10,0.0
1979,59.7,20,10,0.0
1980,62.4,20,10,0.0
1981,60.8,20,10,0.0
1982,62.9,20,10,0.0
1983,61.8,20,10,0.0
1984,61.0,20,10,0.0
1985,62.2,20,10,0.0
1986,81.9,20,11,0.0
1987,76.9,20,11,0.0
1988,77.0,20,11,0.0
1989,76.2,20,11,0.0
1990,77.6,20,11,0.0
1991,80.0,20,12,0.0
1992,81.4,20,12,0.0
1993,78.0,20,12,0.0
1994,76.3,20,12,0.0
1995,76.1,20,12,0.0
1996,81.1,20,12,0.0
1997,64.6,20,13,0.0
1998,65.7,20,13,0.0
1999,67.4,20,13,0.0
2000,80.6,20,14,0.0
2001,68.0,20,14,0.0
2002,76.4,20,14,0.0
2003,69.3,20,14,0.0
2004,78.4,20,14,0.0
2005,79.7,20,14,0.0
2006,81.1,20,14,0.0
2007,69.2,20,15,0.0
2008,67.6,20,15,0.0
2009,62.5,20,15,0.0
2010,63.9,20,15,0.0
2011,69.9,20,15,0.0
2012,66.1,20,15,0.0
2013,70.9,21,1,0.0
2014,75.6,21,1,0.0
2015,75.4,21,1,0.0
2016,69.9,21,1,0.0
2017,67.4,21,1,0.0
2018,65.4,21,1,0.0
2019,73.1,21,1,0.0
2020,68.2,21,1,0.0
2021,82.3,21,2,0.0
2022,82.2,21,2,0.0
2023,84.9,21,2,0.0
2024,80.2,21,2,0.0
2025,86.2,21,2,0.0
2026,82.3,21,2,0.0
2027,78.2,21,2,0.0
2028,78.4,21,3,0.0
2029,69.1,21,4,0.0
2030,63.8,21,4,0.0
2031,68.3,21,4,0.0
2032,67.2,21,4,0.0
2033,71.2,21,4,0.0
2034,68.3,21,4,0.0
2035,68.6,21,4,0.0
2036,72.4,21,4,0.0
2037,83.7,21,5,0.0
2038,86.7,21,5,0.0
2039,82.6,21,5,0.0
2040,87.4,21,5,0.0
2041,88.4,21,5,0.0
2042,82.3,21,5,0.0
2043,79.4,21,6,0.0
2044,77.0,21,6,0.0
2045,79.8,21,6,0.0
2046,71.6,21,6,0.0
2047,73.6,21,6,0.0
2048,77.2,21,6,0.0
2049,70.9,21,6,0.0
2050,74.5,21,6,0.0
2051,81.7,21,6,0.0
2052,61.1,21,7,0.0
2053,64.7,21,7,0.0
2054,66.9,21,7,0.0
2055,65.8,21,7,0.0
2056,65.0,21,7,0.0
2057,64.8,21,7,0.0
2058,64.5,21,7,0.0
2059,61.9,21,7,0.0
2060,79.1,21,8,0.0
2061,76.5,21,8,0.0
2062,76.0,21,8,0.0
2063,71.9,21,8,0.0
2064,79.7,21,8,0.0
2065,79.1,21,8,0.0
2066,75.5,21,8,0.0
2067,76.9,21,8,0.0
2068,85.5,21,9,0.0
2069,80.9,21,9,0.0
2070,78.2,21,9,0.0
2071,84.0,21,9,0.0
2072,82.1,21,9,0.0
2073,79.8,21,9,0.0
2074,78.3,21,9,0.0
2075,80.4,21,9,0.0
2076,66.6,21,10,0.0
2077,67.2,21,10,0.0
2078,85.8,21,11,0.0
2079,84.6,21,11,0.0
2080,82.3,21,11,0.0
2081,78.0,21,11,0.0
2082,77.6,21,11,0.0
2083,74.7,21,12,0.0
2084,79.0,21,12,0.0
2085,87.1,21,12,0.0
2086,74.4,21,12,0.0
2087,78.9,21,12,0.0
2088,82.2,21,12,0.0
2089,72.1,21,13,0.0
2090,74.0,21,13,0.0
2091,81.0,21,13,0.0
2092,81.8,21,14,0.0
2093,83.7,21,14,0.0
2094,80.5,21,14,0.0
2095,80.7,21,14,0.0
2096,81.4,21,14,0.0
2097,63.2,21,15,0.0
2098,71.9,21,15,0.0
2099,75.7,21,15,0.0
2100,72.0,21,15,0.0
2101,65.4,22,1,0.0
2102,67.3,22,1,0.0
2103,77.9,22,2,0.0
2104,79.3,22,2,0.0
2105,78.3,22,2,0.0
2106,76.5,22,2,0.0
2107,76.4,22,2,0.0
2108,69.3,22,3,0.0
2109,75.8,22,3,0.0
2110,74.4,22,3,0.0
2111,69.9,22,3,0.0
2112,72.4,22,3,0.0
2113,72.3,22,3,0.0
2114,66.7,22,3,0.0
2115,73.9,22,3,0.0
2116,72.8,22,3,0.0
2117,77.4,22,3,0.0
2118,75.4,22,3,0.0
2119,57.9,22,4,0.0
2120,60.7,22,4,0.0
2121,63.6,22,4,0.0
2122,79.9,22,5,0.0
2123,74.7,22,5,0.0
2124,78.8,22,5,0.0
2125,75.8,22,5,0.0
2126,84.7,22,5,0.0
2127,82.8,22,5,0.0
2128,78.4,22,5,0.0
2129,76.4,22,6,0.0
2130,68.0,22,6,0.0
2131,72.3,22,6,0.0
2132,74.3,22,6,0.0
2133,76.4,22,6,0.0
2134,69.1,22,6,0.0
2135,64.4,22,7,0.0
2136,64.4,22,7,0.0
2137,60.4,22,7,0.0
2138,55.8,22,7,0.0
2139,53.8,22,7,0.0
2140,68.2,22,7,0.0
2141,63.9,22,7,0.0
2142,73.2,22,8,0.0
2143,71.2,22,8,0.0
2144,62.2,22,8,0.0
2145,72.6,22,8,0.0
2146,73.0,22,8,0.0
2147,62.9,22,8,0.0
2148,70.1,22,8,0.0
2149,72.8,22,8,0.0
2150,74.5,22,8,0.0
2151,73.0,22,9,0.0
2152,78.5,22,9,0.0
2153,71.8,22,9,0.0
2154,75.8,22,9,0.0
2155,78.2,22,9,0.0
2156,74.9,22,9,0.0
2157,76.8,22,9,0.0
2158,59.0,22,10,0.0
2159,50.6,22,10,0.0
2160,57.9,22,10,0.0
2161,57.4,22,10,0.0
2162,64.3,22,10,0.0
2163,62.5,22,10,0.0
2164,59.6,22,10,0.0
2165,71.6,22,11,0.0
2166,75.8,22,11,0.0
2167,70.9,22,11,0.0
2168,75.6,22,11,0.0
2169,72.1,22,11,0.0
2170,71.4,22,11,0.0
2171,74.1,22,11,0.0
2172,70.9,22,11,0.0
2173,70.9,22,11,0.0
2174,73.4,22,12,0.0
2175,77.8,22,12,0.0
2176,79.2,22,12,0.0
2177,76.8,22,12,0.0
2178,72.4,22,12,0.0
2179,72.4,22,12,0.0
2180,79.2,22,12,0.0
2181,58.0,22,13,0.0
2182,68.1,22,13,0.0
2183,63.8,22,13,0.0
2184,69.1,22,13,0.0
2185,62.5,22,13,0.0
2186,59.3,22,13,0.0
2187,75.1,22,14,0.0
2188,72.9,22,14,0.0
2189,72.4,22,14,0.0
2190,74.5,22,14,0.0
2191,72.6,22,14,0.0
2192,64.0,22,15,0.0
2193,62.9,22,15,0.0
2194,71.6,22,15,0.0
2195,63.9,22,15,0.0
2196,61.3,22,15,0.0
2197,65.9,22,15,0.0
2198,75.4,23,1,0.0
2199,83.2,23,2,0.0
2200,84.1,23,2,0.0
2201,78.8,23,3,0.0
2202,81.7,23,3,0.0
2203,84.1,23,3,0.0
2204,80.2,23,3,0.0
2205,71.5,23,4,0.0
2206,72.5,23,4,0.0
2207,74.0,23,4,0.0
2208,71.7,23,4,0.0
2209,69.9,23,4,0.0
2210,70.6,23,4,0.0
2211,76.3,23,4,0.0
2212,85.3,23,5,0.0
2213,85.1,23,5,0.0
2214,83.9,23,5,0.0
2215,84.9,23,5,0.0
2216,87.3,23,5,0.0
2217,81.4,23,6,0.0
2218,79.0,23,6,0.0
2219,80.4,23,6,0.0
2220,81.1,23,6,0.0
2221,79.5,23,6,0.0
2222,84.6,23,6,0.0
2223,65.3,23,7,0.0
2224,72.5,23,7,0.0
2225,65.4,23,7,0.0
2226,73.6,23,7,0.0
2227,65.7,23,7,0.0
2228,69.9,23,7,0.0
2229,80.6,23,8,0.0
2230,80.8,23,8,0.0
2231,71.6,23,8,0.0
2232,77.3,23,8,0.0
2233,80.1,23,9,0.0
2234,82.1,23,9,0.0
2235,85.4,23,9,0.0
2236,81.1,23,9,0.0
2237,81.1,23,9,0.0
2238,86.6,23,9,0.0
2239,89.2,23,9,0.0
2240,81.7,23,9,0.0
2241,76.5,23,9,0.0
2242,65.1,23,10,0.0
2243,67.7,23,10,0.0
2244,71.3,23,10,0.0
2245,68.2,23,10,0.0
2246,70.9,23,10,0.0
2247,66.3,23,10,0.0
2248,76.3,23,10,0.0
2249,82.6,23,11,0.0
2250,85.2,23,11,0.0
2251,79.6,23,11,0.0
2252,82.2,23,11,0.0
2253,78.5,23,11,0.0
2254,78.7,23,11,0.0
2255,83.9,23,12,0.0
2256,85.0,23,12,0.0
2257,78.1,23,12,0.0
2258,82.6,23,12,0.0
2259,81.5,23,12,0.0
2260,82.2,23,12,0.0
2261,71.6,23,13,0.0
2262,75.2,23,13,0.0
2263,70.3,23,13,0.0
2264,76.7,23,13,0.0
2265,73.6,23,13,0.0
2266,75.2,23,13,0.0
2267,78.7,23,13,0.0
2268,72.6,23,13,0.0
2269,76.9,23,14,0.0
2270,74.1,23,14,0.0
2271,88.2,23,14,0.0
2272,82.1,23,14,0.0
2273,81.8,23,14,0.0
2274,79.3,23,14,0.0
2275,79.6,23,14,0.0
2276,80.5,23,14,0.0
2277,79.9,23,14,0.0
2278,77.8,23,14,0.0
2279,87.6,23,14,0.0
2280,81.9,23,14,0.0
2281,72.9,23,15,0.0
2282,74.3,23,15,0.0
2283,74.1,23,15,0.0
2284,73.1,23,15,0.0
2285,72.0,23,15,0.0
2286,65.7,23,15,0.0
2287,71.6,23,15,0.0
2288,71.8,23,15,0.0
2289,65.8,23,15,0.0
2290,72.8,23,15,0.0
2291,73.7,23,15,0.0
2292,82.1,24,1,0.0
2293,75.7,24,1,0.0
2294,68.7,24,1,0.0
2295,72.8,24,1,0.0
2296,77.3,24,2,0.0
2297,85.5,24,2,0.0
2298,82.3,24,2,0.0
2299,78.3,24,2,0.0
2300,81.6,24,2,0.0
2301,83.5,24,2,0.0
2302,81.2,24,2,0.0
2303,81.0,24,3,0.0
2304,80.4,24,3,0.0
2305,80.9,24,3,0.0
2306,80.0,24,3,0.0
2307,81.0,24,3,0.0
2308,83.2,24,3,0.0
2309,71.9,24,4,0.0
2310,75.2,24,4,0.0
2311,73.9,24,4,0.0
2312,78.4,24,4,0.0
2313,69.3,24,4,0.0
2314,68.8,24,4,0.0
2315,70.5,24,4,0.0
2316,73.3,24,4,0.0
2317,89.8,24,5,0.0
2318,88.0,24,5,0.0
2319,83.6,24,5,0.0
2320,88.0,24,5,0.0
2321,86.2,24,5,0.0
2322,84.8,24,5,0.0
2323,85.3,24,5,0.0
2324,83.8,24,5,0.0
2325,91.3,24,5,0.0
2326,80.4,24,5,0.0
2327,79.9,24,5,0.0
2328,85.4,24,5,0.0
2329,75.3,24,6,0.0
2330,78.2,24,6,0.0
2331,78.4,24,6,0.0
2332,79.9,24,6,0.0
2333,79.4,24,6,0.0
2334,75.2,24,6,0.0
2335,68.7,24,7,0.0
2336,68.3,24,7,0.0
2337,62.0,24,7,0.0
2338,69.5,24,7,0.0
2339,66.7,24,7,0.0
2340,70.2,24,7,0.0
2341,68.9,24,7,0.0
2342,74.5,24,8,0.0
2343,75.0,24,8,0.0
2344,80.8,24,8,0.0
2345,80.1,24,8,0.0
2346,75.2,24,8,0.0
2347,78.5,24,8,0.0
2348,83.8,24,9,0.0
2349,82.5,24,9,0.0
2350,67.3,24,10,0.0
2351,59.6,24,10,0.0
2352,70.9,24,10,0.0
2353,62.5,24,10,0.0
2354,72.9,24,10,0.0
2355,68.1,24,10,0.0
2356,66.1,24,10,0.0
2357,68.6,24,10,0.0
2358,80.3,24,11,0.0
2359,79.4,24,11,0.0
2360,82.8,24,11,0.0
2361,82.1,24,11,0.0
2362,81.9,24,11,0.0
2363,85.1,24,11,0.0
2364,82.4,24,11,0.0
2365,81.6,24,11,0.0
2366,80.6,24,11,0.0
2367,84.9,24,12,0.0
2368,89.1,24,12,0.0
2369,83.4,24,12,0.0
2370,82.2,24,12,0.0
2371,82.2,24,12,0.0
2372,87.7,24,12,0.0
2373,75.6,24,12,0.0
2374,83.2,24,12,0.0
2375,85.3,24,12,0.0
2376,75.4,24,13,0.0
2377,73.6,24,13,0.0
2378,75.3,24,13,0.0
2379,72.2,24,13,0.0
2380,69.4,24,13,0.0
2381,75.9,24,13,0.0
2382,71.2,24,13,0.0
2383,70.7,24,13,0.0
2384,74.9,24,14,0.0
2385,81.7,24,14,0.0
2386,74.6,24,14,0.0
2387,84.1,24,14,0.0
2388,78.6,24,14,0.0
2389,81.9,24,14,0.0
2390,77.1,24,14,0.0
2391,69.8,24,15,0.0
2392,71.3,24,15,0.0
2393,68.8,24,15,0.0
2394,72.1,24,15,0.0
2395,68.4,24,15,0.0
2396,71.0,25,1,0.0
2397,75.0,25,1,0.0
2398,84.3,25,2,0.0
2399,85.3,25,2,0.0
2400,88.2,25,2,0.0
2401,83.8,25,2,0.0
2402,91.6,25,2,0.0
2403,86.5,25,2,0.0
2404,83.0,25,2,0.0
2405,85.0,25,2,0.0
2406,77.3,25,2,0.0
2407,84.8,25,2,0.0
2408,88.7,25,2,0.0
2409,79.8,25,3,0.0
2410,86.0,25,3,0.0
2411,87.3,25,3,0.0
2412,84.2,25,3,0.0
2413,84.0,25,3,0.0
2414,81.8,25,3,0.0
2415,74.4,25,4,0.0
2416,72.0,25,4,0.0
2417,67.8,25,4,0.0
2418,68.7,25,4,0.0
2419,73.0,25,4,0.0
2420,68.4,25,4,0.0
2421,75.3,25,4,0.0
2422,85.7,25,5,0.0
2423,88.3,25,5,0.0
2424,93.6,25,5,0.0
2425,85.3,25,5,0.0
2426,92.8,25,5,0.0
2427,88.1,25,5,0.0
2428,86.0,25,5,0.0
2429,91.7,25,5,0.0
2430,89.1,25,5,0.0
2431,84.8,25,5,0.0
2432,84.0,25,6,0.0
2433,76.4,25,6,0.0
2434,71.2,25,6,0.0
2435,77.6,25,6,0.0
2436,75.8,25,6,0.0
2437,82.1,25,6,0.0
2438,73.8,25,6,0.0
2439,81.6,25,6,0.0
2440,72.5,25,7,0.0
2441,71.9,25,7,0.0
2442,65.4,25,7,0.0
2443,72.0,25,7,0.0
2444,69.6,25,7,0.0
2445,78.0,25,8,0.0
2446,86.2,25,8,0.0
2447,85.3,25,8,0.0
2448,76.9,25,8,0.0
2449,79.7,25,8,0.0
2450,82.2,25,8,0.0
2451,81.5,25,9,0.0
2452,78.4,25,9,0.0
2453,80.3,25,9,0.0
2454,85.5,25,9,0.0
2455,85.2,25,9,0.0
2456,85.5,25,9,0.0
2457,72.2,25,10,0.0
2458,68.6,25,10,0.0
2459,66.9,25,10,0.0
2460,72.0,25,10,0.0
2461,67.8,25,10,0.0
2462,74.2,25,10,0.0
2463,72.4,25,10,0.0
2464,69.1,25,10,0.0
2465,70.3,25,10,0.0
2466,85.2,25,11,0.0
2467,85.9,25,11,0.0
2468,76.6,25,11,0.0
2469,79.9,25,11,0.0
2470,85.5,25,11,0.0
2471,84.8,25,11,0.0
2472,78.8,25,11,0.0
2473,82.1,25,12,0.0
2474,85.4,25,12,0.0
2475,83.9,25,12,0.0
2476,84.6,25,12,0.0
2477,92.7,25,12,0.0
2478,83.4,25,12,0.0
2479,83.4,25,12,0.0
2480,85.0,25,12,0.0
2481,84.3,25,12,0.0
2482,73.6,25,13,0.0
2483,69.5,25,13,0.0
2484,73.8,25,13,0.0
2485,69.5,25,13,0.0
2486,73.1,25,13,0.0
2487,77.1,25,13,0.0
2488,73.7,25,13,0.0
2489,75.9,25,13,0.0
2490,78.1,25,13,0.0
2491,72.7,25,13,0.0
2492,83.2,25,14,0.0
2493,78.1,25,14,0.0
2494,78.0,25,14,0.0
2495,79.8,25,14,0.0
2496,82.0,25,14,0.0
2497,80.8,25,14,0.0
2498,84.3,25,14,0.0
2499,80.9,25,14,0.0
2500,75.2,25,14,0.0
2501,76.6,25,14,0.0
2502,84.2,25,14,0.0
2503,80.7,25,14,0.0
2504,85.8,25,14,0.0
2505,80.4,25,14,0.0
2506,76.1,25,15,0.0
2507,74.0,25,15,0.0
2508,72.2,25,15,0.0
2509,70.7,25,15,0.0
2510,72.5,25,15,0.0
2511,72.9,25,15,0.0
2512,65.7,25,15,0.0
2513,69.2,26,1,0.0
2514,64.9,26,1,0.0
2515,63.4,26,1,0.0
2516,70.4,26,1,0.0
2517,79.6,26,2,0.0
2518,74.0,26,2,0.0
2519,80.7,26,2,0.0
2520,77.8,26,2,0.0
2521,76.5,26,2,0.0
2522,75.4,26,2,0.0
2523,75.0,26,3,0.0
2524,73.8,26,3,0.0
2525,76.5,26,3,0.0
2526,78.8,26,3,0.0
2527,63.5,26,4,0.0
2528,67.5,26,4,0.0
2529,62.0,26,4,0.0
2530,66.9,26,4,0.0
2531,65.5,26,4,0.0
2532,66.8,26,4,0.0
2533,68.8,26,4,0.0
2534,69.6,26,4,0.0
2535,79.5,26,5,0.0
2536,85.0,26,5,0.0
2537,84.4,26,5,0.0
2538,77.9,26,5,0.0
2539,87.3,26,5,0.0
2540,77.7,26,5,0.0
2541,81.5,26,5,0.0
2542,69.6,26,6,0.0
2543,70.1,26,6,0.0
2544,73.5,26,6,0.0
2545,68.3,26,6,0.0
2546,74.9,26,6,0.0
2547,75.8,26,6,0.0
2548,75.8,26,6,0.0
2549,73.7,26,6,0.0
2550,74.8,26,6,0.0
2551,76.0,26,6,0.0
2552,71.6,26,6,0.0
2553,62.9,26,7,0.0
2554,62.5,26,7,0.0
2555,58.8,26,7,0.0
2556,63.0,26,7,0.0
2557,57.2,26,7,0.0
2558,68.9,26,8,0.0
2559,71.7,26,8,0.0
2560,75.2,26,8,0.0
2561,69.6,26,8,0.0
2562,70.5,26,8,0.0
2563,74.4,26,8,0.0
2564,77.8,26,9,0.0
2565,78.4,26,9,0.0
2566,82.9,26,9,0.0
2567,72.1,26,9,0.0
2568,81.2,26,9,0.0
2569,81.7,26,9,0.0
2570,76.4,26,9,0.0
2571,76.9,26,9,0.0
2572,75.5,26,9,0.0
2573,60.0,26,10,0.0
2574,64.5,26,10,0.0
2575,60.8,26,10,0.0
2576,59.6,26,10,0.0
2577,61.6,26,10,0.0
2578,76.0,26,11,0.0
2579,77.9,26,11,0.0
2580,73.7,26,11,0.0
2581,72.2,26,11,0.0
2582,73.3,26,11,0.0
2583,76.1,26,11,0.0
2584,80.7,26,11,0.0
2585,70.5,26,11,0.0
2586,72.3,26,11,0.0
2587,74.4,26,11,0.0
2588,75.1,26,11,0.0
2589,76.2,26,11,0.0
2590,76.8,26,12,0.0
2591,77.0,26,12,0.0
2592,78.9,26,12,0.0
2593,82.0,26,12,0.0
2594,77.0,26,12,0.0
2595,81.4,26,12,0.0
2596,74.1,26,12,0.0
2597,76.8,26,12,0.0
2598,61.6,26,13,0.0
2599,63.9,26,13,0.0
2600,76.7,26,13,0.0
2601,62.5,26,13,0.0
2602,68.0,26,13,0.0
2603,69.8,26,13,0.0
2604,63.0,26,13,0.0
2605,76.0,26,14,0.0
2606,73.1,26,14,0.0
2607,75.4,26,14,0.0
2608,71.5,26,14,0.0
2609,69.7,26,14,0.0
2610,73.4,26,14,0.0
2611,74.1,26,14,0.0
2612,70.6,26,15,0.0
2613,65.9,26,15,0.0
2614,67.4,26,15,0.0
2615,71.6,26,15,0.0
2616,67.7,26,15,0.0
2617,68.1,26,15,0.0
2618,64.0,26,15,0.0
2619,66.9,26,15,0.0
2620,67.3,26,15,0.0
2621,67.9,26,15,0.0
2622,71.0,27,1,0.0
2623,78.2,27,1,0.0
2624,75.1,27,2,0.0
2625,86.1,27,2,0.0
2626,77.3,27,2,0.0
2627,79.6,27,2,0.0
2628,82.8,27,2,0.0
2629,77.7,27,2,0.0
2630,74.7,27,3,0.0
2631,70.8,27,3,0.0
2632,74.1,27,3,0.0
2633,78.7,27,3,0.0
2634,73.0,27,3,0.0
2635,78.8,27,3,0.0
2636,80.4,27,3,0.0
2637,68.3,27,4,0.0
2638,73.8,27,4,0.0
2639,62.4,27,4,0.0
2640,79.3,27,5,0.0
2641,84.0,27,5,0.0
2642,81.0,27,5,0.0
2643,87.2,27,5,0.0
2644,81.9,27,5,0.0
2645,82.6,27,5,0.0
2646,87.8,27,5,0.0
2647,67.9,27,6,0.0
2648,69.0,27,6,0.0
2649,70.5,27,6,0.0
2650,78.2,27,6,0.0
2651,67.8,27,6,0.0
2652,76.8,27,6,0.0
2653,75.7,27,6,0.0
2654,62.4,27,7,0.0
2655,55.7,27,7,0.0
2656,66.4,27,7,0.0
2657,66.2,27,7,0.0
2658,67.0,27,7,0.0
2659,67.8,27,7,0.0
2660,63.3,27,7,0.0
2661,61.8,27,7,0.0
2662,64.1,27,7,0.0
2663,75.2,27,8,0.0
2664,71.3,27,8,0.0
2665,73.6,27,8,0.0
2666,68.1,27,8,0.0
2667,75.4,27,8,0.0
2668,72.5,27,8,0.0
2669,72.1,27,8,0.0
2670,77.6,27,9,0.0
2671,79.8,27,9,0.0
2672,78.0,27,9,0.0
2673,75.7,27,9,0.0
2674,61.9,27,10,0.0
2675,57.7,27,10,0.0
2676,64.9,27,10,0.0
2677,67.0,27,10,0.0
2678,62.8,27,10,0.0
2679,65.8,27,10,0.0
2680,66.1,27,10,0.0
2681,61.3,27,10,0.0
2682,77.1,27,11,0.0
2683,79.5,27,11,0.0
2684,68.4,27,11,0.0
2685,74.3,27,11,0.0
2686,77.9,27,11,0.0
2687,75.9,27,11,0.0
2688,74.8,27,11,0.0
2689,76.3,27,12,0.0
2690,76.6,27,12,0.0
2691,79.2,27,12,0.0
2692,80.8,27,12,0.0
2693,81.7,27,12,0.0
2694,81.4,27,12,0.0
2695,82.3,27,12,0.0
2696,78.0,27,12,0.0
2697,83.7,27,12,0.0
2698,72.1,27,13,0.0
2699,67.5,27,13,0.0
2700,73.1,27,13,0.0
2701,70.2,27,13,0.0
2702,77.1,27,13,0.0
2703,65.4,27,13,0.0
2704,70.6,27,13,0.0
2705,71.4,27,14,0.0
2706,80.7,27,14,0.0
2707,77.5,27,14,0.0
2708,79.3,27,14,0.0
2709,70.8,27,14,0.0
2710,80.7,27,14,0.0
2711,78.7,27,14,0.0
2712,78.0,27,14,0.0
2713,80.3,27,14,0.0
2714,75.8,27,14,0.0
2715,68.8,27,15,0.0
2716,66.3,27,15,0.0
2717,69.2,27,15,0.0
2718,73.8,27,15,0.0
2719,67.7,27,15,0.0
2720,66.9,27,15,0.0
2721,69.7,27,15,0.0
2722,65.2,28,1,0.0
2723,66.8,28,1,0.0
2724,74.2,28,1,0.0
2725,64.0,28,1,0.0
2726,62.9,28,1,0.0
2727,64.3,28,1,0.0
2728,71.2,28,1,0.0
2729,64.9,28,1,0.0
2730,67.5,28,1,0.0
2731,65.1,28,1,0.0
2732,72.5,28,2,0.0
2733,75.2,28,2,0.0
2734,78.9,28,2,0.0
2735,74.3,28,2,0.0
2736,72.4,28,2,0.0
2737,76.0,28,2,0.0
2738,79.5,28,2,0.0
2739,67.4,28,3,0.0
2740,74.3,28,3,0.0
2741,76.8,28,3,0.0
2742,73.5,28,3,0.0
2743,76.9,28,3,0.0
2744,73.1,28,3,0.0
2745,74.6,28,3,0.0
2746,76.5,28,3,0.0
2747,67.9,28,3,0.0
2748,71.1,28,3,0.0
2749,59.2,28,4,0.0
2750,66.5,28,4,0.0
2751,65.0,28,4,0.0
2752,62.0,28,4,0.0
2753,65.9,28,4,0.0
2754,58.2,28,4,0.0
2755,65.9,28,4,0.0
2756,73.5,28,5,0.0
2757,79.9,28,5,0.0
2758,78.8,28,5,0.0
2759,70.8,28,6,0.0
2760,67.0,28,6,0.0
2761,74.7,28,6,0.0
2762,64.7,28,7,0.0
2763,63.7,28,7,0.0
2764,61.9,28,7,0.0
2765,56.4,28,7,0.0
2766,61.5,28,7,0.0
2767,64.3,28,7,0.0
2768,60.5,28,7,0.0
2769,59.1,28,7,0.0
2770,66.5,28,7,0.0
2771,63.1,28,7,0.0
2772,71.8,28,8,0.0
2773,77.6,28,8,0.0
2774,75.5,28,8,0.0
2775,77.3,28,8,0.0
2776,68.6,28,8,0.0
2777,74.4,28,9,0.0
2778,76.4,28,9,0.0
2779,75.7,28,9,0.0
2780,75.3,28,9,0.0
2781,75.5,28,9,0.0
2782,76.4,28,9,0.0
2783,61.4,28,10,0.0
2784,67.5,28,10,0.0
2785,72.9,28,11,0.0
2786,79.4,28,11,0.0
2787,75.6,28,11,0.0
2788,75.3,28,11,0.0
2789,73.1,28,11,0.0
2790,72.5,28,11,0.0
2791,73.6,28,11,0.0
2792,67.5,28,11,0.0
2793,83.6,28,12,0.0
2794,77.2,28,12,0.0
2795,75.5,28,12,0.0
2796,76.4,28,12,0.0
2797,75.1,28,12,0.0
2798,65.6,28,13,0.0
2799,66.2,28,13,0.0
2800,73.1,28,13,0.0
2801,68.5,28,14,0.0
2802,73.4,28,14,0.0
2803,77.3,28,14,0.0
2804,73.3,28,14,0.0
2805,68.6,28,15,0.0
2806,62.8,28,15,0.0
2807,63.9,28,15,0.0
2808,64.2,28,15,0.0
2809,68.9,28,15,0.0
2810,65.2,28,15,0.0
2811,62.8,28,15,0.0
2812,65.0,28,15,0.0
2813,68.1,29,1,0.0
2814,66.1,29,1,0.0
2815,71.2,29,1,0.0
2816,67.2,29,1,0.0
2817,64.3,29,1,0.0
2818,65.5,29,1,0.0
2819,72.9,29,2,0.0
2820,77.6,29,2,0.0
2821,78.5,29,2,0.0
2822,72.9,29,3,0.0
2823,70.2,29,3,0.0
2824,72.8,29,3,0.0
2825,72.8,29,3,0.0
2826,72.0,29,3,0.0
2827,65.9,29,3,0.0
2828,76.3,29,3,0.0
2829,69.0,29,3,0.0
2830,62.8,29,4,0.0
2831,63.2,29,4,0.0
2832,70.5,29,4,0.0
2833,60.0,29,4,0.0
2834,66.8,29,4,0.0
2835,60.2,29,4,0.0
2836,66.0,29,4,0.0
2837,80.5,29,5,0.0
2838,76.4,29,5,0.0
2839,81.9,29,5,0.0
2840,80.1,29,5,0.0
2841,77.8,29,5,0.0
2842,76.9,29,5,0.0
2843,74.4,29,5,0.0
2844,82.9,29,5,0.0
2845,73.9,29,5,0.0
2846,74.7,29,5,0.0
2847,76.2,29,5,0.0
2848,78.5,29,5,0.0
2849,75.6,29,5,0.0
2850,68.8,29,6,0.0
2851,67.6,29,6,0.0
2852,71.4,29,6,0.0
2853,70.6,29,6,0.0
2854,70.5,29,6,0.0
2855,67.6,29,6,0.0
2856,72.6,29,6,0.0
2857,59.9,29,7,0.0
2858,61.0,29,7,0.0
2859,59.3,29,7,0.0
2860,57.7,29,7,0.0
2861,58.5,29,7,0.0
2862,75.2,29,8,0.0
2863,72.9,29,8,0.0
2864,73.1,29,8,0.0
2865,67.7,29,8,0.0
2866,68.7,29,8,0.0
2867,67.6,29,8,0.0
2868,69.0,29,8,0.0
2869,68.9,29,8,0.0
2870,74.7,29,9,0.0
2871,56.5,29,10,0.0
2872,63.3,29,10,0.0
2873,58.3,29,10,0.0
2874,60.0,29,10,0.0
2875,56.9,29,10,0.0
2876,55.9,29,10,0.0
2877,61.5,29,10,0.0
2878,59.5,29,10,0.0
2879,73.3,29,11,0.0
2880,76.3,29,11,0.0
2881,68.8,29,11,0.0
2882,72.0,29,11,0.0
2883,69.6,29,11,0.0
2884,76.9,29,11,0.0
2885,76.0,29,11,0.0
2886,76.5,29,11,0.0
2887,74.1,29,11,0.0
2888,76.5,29,12,0.0
2889,77.0,29,12,0.0
2890,78.5,29,12,0.0
2891,75.0,29,12,0.0
2892,74.5,29,12,0.0
2893,79.2,29,12,0.0
2894,73.0,29,12,0.0
2895,81.4,29,12,0.0
2896,80.4,29,12,0.0
2897,65.4,29,13,0.0
2898,70.3,29,13,0.0
2899,61.7,29,13,0.0
2900,75.1,29,14,0.0
2901,76.7,29,14,0.0
2902,75.6,29,14,0.0
2903,77.2,29,14,0.0
2904,70.2,29,14,0.0
2905,73.5,29,14,0.0
2906,70.9,29,14,0.0
2907,74.7,29,14,0.0
2908,74.1,29,14,0.0
2909,71.1,29,14,0.0
2910,66.0,29,15,0.0
2911,60.2,29,15,0.0
2912,64.9,29,15,0.0
2913,65.7,29,15,0.0
2914,65.6,29,15,0.0
2915,59.3,29,15,0.0
2916,60.0,29,15,0.0
2917,63.6,29,15,0.0
2918,62.2,29,15,0.0
2919,74.7,30,1,0.0
2920,75.8,30,1,0.0
2921,74.9,30,1,0.0
2922,83.0,30,1,0.0
2923,76.1,30,1,0.0
2924,74.1,30,1,0.0
2925,79.8,30,1,0.0
2926,81.4,30,2,0.0
2927,85.8,30,2,0.0
2928,85.7,30,2,0.0
2929,81.5,30,2,0.0
2930,86.5,30,2,0.0
2931,77.3,30,3,0.0
2932,77.7,30,3,0.0
2933,86.0,30,3,0.0
2934,73.9,30,4,0.0
2935,78.3,30,4,0.0
2936,73.8,30,4,0.0
2937,75.5,30,4,0.0
2938,72.0,30,4,0.0
2939,68.4,30,4,0.0
2940,74.2,30,4,0.0
2941,74.3,30,4,0.0
2942,91.9,30,5,0.0
2943,92.9,30,5,0.0
2944,84.9,30,5,0.0
2945,90.2,30,5,0.0
2946,82.8,30,5,0.0
2947,88.7,30,5,0.0
2948,81.0,30,6,0.0
2949,82.7,30,6,0.0
2950,79.2,30,6,0.0
2951,81.5,30,6,0.0
2952,79.4,30,6,0.0
2953,64.9,30,7,0.0
2954,65.8,30,7,0.0
2955,64.0,30,7,0.0
2956,76.2,30,7,0.0
2957,65.1,30,7,0.0
2958,81.8,30,8,0.0
2959,80.9,30,8,0.0
2960,82.7,30,8,0.0
2961,82.1,30,8,0.0
2962,81.5,30,8,0.0
2963,80.3,30,9,0.0
2964,83.7,30,9,0.0
2965,65.2,30,10,0.0
2966,70.2,30,10,0.0
2967,70.8,30,10,0.0
2968,74.2,30,10,0.0
2969,68.8,30,10,0.0
2970,67.9,30,10,0.0
2971,66.3,30,10,0.0
2972,73.5,30,10,0.0
2973,79.5,30,11,0.0
2974,86.7,30,11,0.0
2975,83.4,30,11,0.0
2976,76.9,30,11,0.0
2977,91.0,30,12,0.0
2978,88.5,30,12,0.0
2979,90.1,30,12,0.0
2980,91.3,30,12,0.0
2981,77.0,30,13,0.0
2982,77.2,30,13,0.0
2983,73.8,30,13,0.0
2984,77.0,30,13,0.0
2985,72.9,30,13,0.0
2986,75.4,30,13,0.0
2987,74.1,30,13,0.0
2988,80.1,30,13,0.0
2989,68.2,30,13,0.0
2990,75.6,30,13,0.0
2991,87.4,30,14,0.0
2992,83.9,30,14,0.0
2993,80.4,30,14,0.0
2994,88.8,30,14,0.0
2995,75.9,30,15,0.0
2996,67.3,30,15,0.0
2997,69.2,30,15,0.0
2998,70.9,30,15,0.0
2999,74.2,30,15,0.0
